16
17
15
13
11
12
17
15
17
18
16
11
30
9
10
19
30
22
18
13
22
22
18
21
18
24
12
20
19
18
32
21
17
21
18
25
28
33
19
14
12
20
15
14
31
5
27
25
37
26
15
19
5
28
22
27
22
24
12
8
26
32
32
5
19
13
15
18
14
19
27
37
19
18
27
12
23
9
16
16
27
11
22
16
12
8
9
16
25
7
15
19
18
26
8
25
10
12
19
20
3
8
8
15
10
27
17
11
17
18
19
17
16
5
20
10
11
18
22
13
23
17
24
18
18
8
23
14
18
10
22
15
14
16
13
17
25
30
11
18
19
17
14
26
26
20
18
20
29
9
12
16
13
28
11
7
21
13
14
28
27
19
15
19
16
22
22
6
22
19
15
17
8
15
13
24
19
28
17
9
19
10
12
11
6
21
15
28
8
18
31
21
26
26
12
20
19
15
4
30
11
19
18
22
13
23
12
18
9
18
27
22
30
18
14
33
28
20
22
14
16
14
24
18
17
22
16
11
23
24
26
8
17
14
10
27
33
23
38
17
34
12
28
20
17
24
19
9
3
14
21
27
21
14
17
18
10
39
16
25
22
23
26
22
16
27
17
15
15
10
18
15
29
17
25
16
24
22
21
6
23
10
24
29
15
22
9
20
16
16
13
16
23
13
25
28
38
17
18
17
25
15
24
12
17
20
18
14
16
14
21
18
24
16
10
23
6
20
17
10
21
12
19
20
16
16
18
16
32
12
31
7
24
18
7
15
24
10
13
16
10
24
14
15
18
17
11
16
27
15
25
29
15
14
26
13
11
2
20
31
25
13
28
10
8
17
12
30
11
4
19
27
19
19
15
21
28
19
20
19
23
26
18
40
19
21
19
18
10
23
35
21
23
24
24
21
42
32
17
25
6
13
16
21
19
31
27
25
32
6
14
20
15
19
28
8
25
14
10
7
26
18
20
15
19
28
19
5
10
13
9
19
22
27
9
14
15
11
16
21
11
9
21
21
33
9
25
30
22
27
15
5
41
18
20
19
19
12
24
21
19
23
39
17
23
19
15
17
16
24
17
22
19
13
18
22
14
28
7
22
21
15
23
30
16
12
36
22
16
19
13
18
18
17
26
14
13
21
20
2
27
25
26
14
13
19
14
5
20
31
18
2
9
14
13
12
12
23
23
39
16
22
15
24
27
39
31
15
17
5
18
9
22
10
14
16
19
16
26
10
20
25
5
12
16
23
19
32
25
11
15
23
18
21
13
13
18
17
15
32
9
22
30
15
17
15
15
27
25
18
20
21
28
16
13
34
12
12
25
9
27
19
28
20
11
13
21
17
10
16
25
10
8
10
26
12
32
24
17
31
20
31
9
21
32
15
12
25
24
9
27
23
14
13
11
14
25
30
5
17
18
13
5
26
17
22
13
9
23
21
4
21
13
15
21
21
14
10
13
16
6
23
27
11
26
15
14
14
15
22
17
12
26
15
30
18
9
12
27
14
18
10
11
13
16
23
4
36
23
19
15
15
13
41
27
26
23
38
11
13
23
15
14
17
23
15
10
25
17
13
22
21
24
16
17
23
9
17
23
21
8
9
27
13
14
21
20
19
14
11
16
19
12
17
33
13
16
17
13
34
19
23
18
26
15
17
24
16
17
12
20
30
14
11
21
11
18
15
21
4
6
13
28
14
24
22
17
24
26
24
15
17
32
17
22
21
12
18
17
21
17
12
14
27
14
12
13
20
9
20
38
18
19
27
14
17
17
15
19
20
20
15
25
23
27
29
38
29
10
23
28
17
15
15
15
14
15
19
24
27
21
39
29
32
16
28
21
18
29
12
21
16
11
14
24
16
23
8
18
14
17
18
32
29
23
11
12
20
10
26
17
9
28
24
24
12
15
23
16
19
20
26
13
20
27
32
21
27
18
18
16
20
22
21
23
14
4
19
23
16
21
15
21
13
18
16
21
22
15
13
11
18
9
25
21
14
15
14
26
22
15
15
13
11
24
10
21
26
13
20
3
28
13
14
13
24
20
20
24
29
20
20
4
24
20
11
14
10
29
22
14
28
27
16
16
9
17
15
7
11
39
12
18
31
17
8
21
16
17
14
18
21
23
22
26
20
13
17
24
16
16
26
31
18
17
13
13
20
9
25
18
20
19
23
26
18
15
32
19
13
23
1
19
12
19
12
10
7
21
14
9
16
27
29
26
27
16
24
13
17
37
29
19
23
18
16
11
12
11
30
12
20
20
27
32
13
15
11
25
35
