8
18
18
13
11
14
15
21
11
17
11
14
15
35
11
22
20
21
20
14
19
20
15
14
19
26
19
20
16
18
16
20
16
14
15
16
13
19
5
10
31
11
22
23
18
20
4
12
8
11
14
18
13
19
21
8
7
15
19
24
16
10
18
12
14
16
15
17
15
24
23
20
12
12
19
22
20
8
13
17
14
19
22
10
23
10
11
26
8
4
12
14
11
24
28
19
11
24
18
10
28
16
11
19
14
4
19
13
11
19
17
15
4
8
8
14
21
24
16
15
10
22
19
24
24
14
18
18
22
14
15
10
14
22
15
16
15
5
19
19
15
8
14
25
17
10
16
22
25
12
19
9
7
11
28
11
7
20
21
17
19
13
8
18
21
10
8
14
17
24
14
27
19
9
18
17
23
16
29
22
12
26
13
13
21
22
17
12
13
19
7
23
14
24
20
16
10
12
16
24
19
9
18
20
20
13
21
19
18
19
15
18
25
25
18
18
16
24
26
15
15
17
5
13
21
13
21
33
20
11
23
7
19
17
18
11
17
10
16
12
7
14
11
17
20
9
12
15
13
21
15
9
24
14
14
22
9
15
21
7
16
17
15
18
17
10
16
17
13
17
26
8
22
9
14
17
16
24
17
28
24
11
10
18
17
14
29
18
15
18
23
4
16
17
14
12
26
15
12
5
20
19
6
22
19
16
13
14
23
5
15
17
14
19
8
17
10
21
20
15
16
17
8
18
16
15
14
19
13
22
13
12
14
15
14
13
20
11
18
19
11
19
13
18
14
16
13
16
8
11
16
22
15
15
8
11
19
22
17
17
17
14
17
28
19
3
11
18
27
26
10
10
22
24
21
12
14
15
19
22
15
18
10
26
14
25
15
8
15
22
14
9
16
12
21
9
16
29
20
21
20
30
12
13
26
19
13
17
17
17
20
20
16
7
19
10
24
10
9
18
14
23
16
21
14
16
14
12
12
14
8
10
10
17
21
15
22
15
22
12
21
18
22
8
16
23
24
17
11
16
22
10
14
10
17
23
18
17
21
5
31
17
15
21
31
12
13
28
19
16
24
20
13
12
17
12
14
15
21
19
11
10
28
14
30
11
20
17
21
12
20
16
9
15
16
5
19
3
18
14
19
17
16
15
21
25
20
17
23
22
24
23
12
15
19
14
16
15
16
22
11
1
15
17
20
19
10
22
24
16
20
21
11
17
20
19
15
8
15
20
18
3
12
17
17
14
11
24
19
15
10
27
5
19
15
9
18
21
2
19
18
25
19
9
15
15
13
13
21
17
13
15
12
30
14
20
10
10
13
18
25
11
18
20
13
23
15
9
17
17
15
12
18
28
17
15
5
4
23
9
20
21
21
22
10
26
23
30
14
18
23
20
3
25
25
3
18
24
13
19
12
17
15
17
10
19
19
17
20
17
17
24
11
21
27
24
13
1
18
17
14
9
24
11
10
16
12
13
20
21
16
14
17
16
14
24
20
14
21
17
17
6
16
9
23
15
23
14
15
20
11
8
19
16
16
20
23
10
18
24
13
19
10
15
24
10
20
19
11
23
13
23
12
12
28
19
18
9
19
16
20
14
18
17
14
18
24
6
25
25
16
17
24
25
10
16
26
16
14
18
25
15
17
21
14
16
16
23
16
11
22
4
16
18
16
25
22
17
10
8
14
11
7
14
20
27
11
22
19
10
16
22
14
15
12
23
14
8
13
11
20
18
19
20
8
16
27
15
11
7
18
14
17
15
19
8
28
14
12
16
23
18
2
20
27
22
13
13
20
19
11
17
23
21
21
13
21
10
20
16
7
15
12
22
20
2
13
27
20
15
17
20
24
20
20
12
14
15
20
25
13
22
23
22
16
22
4
16
9
25
21
4
21
13
17
5
12
15
13
18
22
11
19
23
26
15
14
22
15
21
18
11
8
17
13
22
3
3
19
29
28
24
23
23
20
16
29
20
23
18
11
31
11
20
17
10
11
20
25
23
8
21
19
31
20
14
23
23
15
15
21
18
12
7
18
22
9
24
11
12
15
17
15
9
12
20
14
1
7
19
22
18
12
31
19
16
17
20
20
12
5
12
16
16
11
16
18
23
18
18
16
9
8
16
17
9
18
16
10
18
12
7
9
16
16
13
19
24
24
23
11
18
9
23
14
10
27
9
14
18
14
24
22
14
15
9
18
18
16
6
16
9
12
17
17
18
25
17
22
21
20
15
11
27
18
13
13
15
17
19
7
16
22
19
19
19
14
26
16
13
