19
16
18
6
18
14
18
20
19
16
17
14
19
14
3
17
20
16
11
20
16
11
18
8
25
22
13
21
12
18
12
15
20
15
19
22
11
17
24
20
12
17
18
11
13
15
21
16
13
14
22
24
12
28
17
10
20
10
15
16
12
14
16
17
9
15
13
17
18
10
12
19
22
11
17
14
20
8
21
11
10
11
12
21
24
17
21
24
19
20
19
16
15
26
24
11
20
6
16
14
14
16
17
25
16
18
19
18
21
22
18
15
1
25
15
17
21
15
14
13
14
20
9
13
18
18
17
2
7
34
18
20
17
22
21
10
21
19
23
21
8
11
8
7
18
29
2
11
16
13
17
10
18
7
12
21
13
22
17
13
19
21
26
23
15
16
15
14
13
21
18
14
17
13
12
15
9
26
10
13
20
13
16
3
16
16
15
22
18
8
13
15
23
10
1
20
9
21
14
14
27
23
13
25
17
19
14
10
24
14
13
24
8
17
19
18
15
13
18
13
17
13
13
18
18
6
23
21
14
19
24
15
15
9
15
20
12
18
23
16
24
22
23
14
17
14
3
11
17
22
14
16
24
16
18
15
12
19
16
17
23
13
18
13
6
13
24
7
22
14
12
19
30
6
18
18
20
21
17
17
16
18
2
17
18
24
18
18
12
9
17
18
23
22
19
14
13
19
14
20
19
19
13
20
20
12
20
17
9
26
19
13
21
25
15
13
19
14
27
15
20
3
11
20
12
6
11
10
15
13
11
20
18
16
16
22
14
15
17
21
13
15
8
20
10
12
21
22
18
17
12
20
10
20
14
14
18
19
20
22
15
21
15
14
11
13
16
14
22
14
14
14
24
16
12
16
12
15
18
10
22
16
16
19
15
19
19
9
23
12
17
16
7
13
9
15
22
22
15
13
16
9
6
17
14
8
17
15
20
10
20
15
16
28
23
9
11
23
19
19
17
17
19
9
14
11
17
16
16
20
14
21
16
14
7
20
12
11
16
20
19
13
12
14
12
16
21
13
28
9
15
21
20
17
11
17
13
10
16
12
32
25
14
13
16
10
17
22
23
25
5
22
7
12
15
3
12
25
16
18
14
17
12
6
20
19
7
15
7
12
17
17
4
12
16
20
11
13
14
14
15
19
21
14
20
13
13
13
13
13
6
13
15
13
16
29
8
19
11
16
19
0
16
12
8
12
14
11
20
9
8
14
21
22
18
7
21
20
23
16
14
15
13
9
24
20
18
22
11
17
9
4
16
13
20
23
21
19
9
17
20
19
15
14
14
21
24
17
10
22
16
21
17
13
9
14
13
5
16
11
16
16
25
20
16
15
15
19
14
11
18
18
12
23
14
10
18
25
2
15
14
4
18
20
23
16
9
10
20
14
24
14
14
12
15
17
22
17
14
20
18
19
24
26
12
10
15
17
13
13
15
17
11
19
17
11
16
20
13
15
14
4
22
16
15
12
12
21
12
15
16
22
16
15
1
20
14
17
15
7
13
17
17
5
21
18
22
21
18
5
10
17
20
10
9
11
6
5
16
17
15
11
14
23
22
18
22
13
20
18
27
15
20
16
12
19
7
13
8
17
5
23
16
21
9
18
14
15
13
20
12
4
16
14
16
24
12
3
18
10
11
16
18
16
23
16
10
6
16
17
12
18
17
18
24
24
14
15
8
19
20
18
21
10
14
22
14
7
12
14
9
20
22
16
17
8
16
13
17
13
8
16
14
23
20
12
25
14
17
17
17
14
9
18
9
12
11
15
20
11
19
20
15
18
11
18
21
21
21
18
17
20
19
24
21
17
20
16
18
23
21
12
16
3
21
9
11
19
25
20
18
7
17
19
22
13
8
10
7
16
6
17
20
10
12
18
22
18
6
15
15
19
14
17
22
18
6
17
14
14
6
12
28
19
10
11
16
5
17
21
11
12
24
14
18
14
21
12
15
10
16
26
19
13
17
17
16
11
22
16
24
12
18
20
9
13
17
17
13
18
17
21
18
2
21
15
18
28
23
15
14
20
22
22
20
21
10
20
24
14
22
3
20
18
19
20
21
19
20
7
17
20
18
13
9
23
16
11
11
20
10
17
19
21
15
20
13
18
18
13
13
15
13
16
16
13
17
17
22
16
11
15
7
23
6
19
17
20
16
15
16
25
20
13
12
7
23
22
23
22
13
9
14
18
10
14
26
20
12
4
18
13
17
19
12
7
12
20
10
10
14
22
13
17
20
11
14
19
16
15
22
14
17
9
11
14
16
5
14
19
