2
14
17
21
16
8
19
9
16
30
11
19
12
16
10
21
24
17
26
14
15
15
19
23
15
5
14
20
23
11
18
17
12
14
16
15
18
18
9
16
22
9
17
20
15
12
20
17
17
15
20
19
11
20
13
1
15
13
16
12
15
19
8
12
21
18
23
14
19
21
12
20
19
26
17
13
16
14
25
16
18
11
17
14
11
14
25
15
12
15
13
15
18
5
14
25
15
16
11
13
13
4
15
13
18
10
4
12
17
9
15
26
9
17
15
18
16
15
16
19
12
11
21
23
18
15
12
21
16
20
14
20
24
9
25
28
19
9
18
16
16
23
19
13
9
18
15
15
13
11
14
16
15
13
23
20
21
13
17
12
15
32
21
19
15
17
17
17
24
15
24
13
20
10
8
10
12
23
18
13
18
19
14
28
20
16
23
16
11
8
28
3
15
19
13
8
21
12
10
18
28
19
10
6
18
8
19
14
8
18
12
20
8
14
15
23
21
12
7
13
13
23
11
21
12
16
16
24
12
15
13
10
20
20
22
3
13
6
20
17
14
14
21
17
14
8
14
19
15
17
8
23
15
13
11
9
18
9
21
14
15
17
24
19
20
8
8
21
13
10
17
21
5
13
16
16
26
10
10
16
19
16
16
14
22
10
16
9
16
12
18
21
13
1
18
20
21
19
24
16
22
8
24
21
15
7
6
7
28
28
26
19
13
5
10
18
12
11
21
28
9
15
8
22
19
11
5
16
11
13
7
13
13
16
14
18
16
23
22
14
14
11
16
20
22
22
21
12
12
11
11
18
15
20
25
14
16
9
18
25
15
14
24
10
14
14
14
15
21
18
17
7
22
16
8
15
12
15
19
26
19
19
18
17
23
8
17
16
20
22
13
15
7
18
13
18
6
6
14
6
17
9
10
22
14
15
20
14
17
10
22
24
18
14
14
16
17
30
20
12
14
18
26
12
15
24
12
18
14
16
19
18
16
17
20
8
16
19
17
12
10
17
12
11
18
17
14
15
9
8
19
10
11
14
11
14
21
12
13
7
13
19
16
15
15
21
22
22
13
25
13
14
16
7
17
19
12
20
21
12
19
21
15
14
1
16
13
14
12
19
17
16
4
15
15
21
19
17
15
5
20
20
5
16
21
17
7
14
17
20
11
19
14
11
14
12
14
15
25
17
20
14
20
4
9
14
23
16
14
15
4
19
6
24
17
23
15
21
13
2
16
18
12
19
13
17
21
15
22
13
13
14
18
21
2
9
20
16
11
16
15
8
15
15
14
10
9
1
8
9
12
29
13
15
15
20
22
15
16
14
14
13
19
10
5
20
21
9
18
15
15
8
13
19
13
22
24
11
19
14
11
10
9
12
17
13
12
11
15
14
15
22
14
10
13
13
21
16
15
21
14
20
15
19
17
13
16
20
18
16
11
21
24
12
14
9
15
20
17
17
19
18
18
14
15
21
20
12
19
16
10
17
9
22
11
15
17
21
16
24
18
13
20
11
23
18
5
13
26
13
17
16
20
16
21
18
11
16
8
16
12
16
17
9
12
13
10
10
11
14
18
17
17
17
7
8
19
15
16
14
9
21
22
17
15
16
18
5
22
16
17
18
9
14
18
19
2
8
18
16
19
17
8
25
11
12
16
27
26
21
16
4
16
21
4
19
18
19
13
10
15
25
11
11
29
18
20
20
23
16
19
15
19
14
18
14
20
8
12
20
18
21
23
12
6
6
19
10
13
21
14
9
15
22
21
27
13
23
14
21
17
18
6
21
16
28
12
17
13
14
18
10
26
15
22
4
14
15
17
14
10
7
22
13
10
20
23
18
21
21
27
21
21
15
16
22
11
19
24
16
20
10
21
17
9
18
20
18
9
14
4
20
9
20
27
20
7
18
15
5
23
19
18
23
12
13
14
19
21
11
14
14
16
14
17
16
21
15
24
15
18
14
21
20
14
21
7
19
19
22
17
13
18
17
15
16
20
9
12
20
13
17
18
19
15
16
18
12
25
15
6
19
19
12
23
18
14
18
9
14
13
0
11
12
16
8
27
12
14
19
10
16
15
14
24
12
16
17
16
20
17
17
12
11
14
15
16
14
14
14
7
10
20
24
9
13
17
15
14
19
16
16
26
12
23
11
18
18
23
18
18
20
19
21
12
19
12
18
12
14
15
14
15
15
14
5
14
17
15
11
20
1
18
19
19
15
11
22
9
12
11
15
21
22
16
16
18
14
9
9
20
17
22
17
16
7
10
19
18
16
