12
22
18
18
14
14
16
21
20
16
20
21
3
16
10
13
20
14
10
20
13
20
18
18
19
13
12
17
12
7
12
11
10
13
16
15
22
18
15
25
16
12
23
20
18
9
22
27
21
15
19
18
18
16
15
12
14
15
9
12
20
9
18
13
25
18
15
21
13
11
14
27
27
17
18
21
9
17
13
18
12
13
7
7
20
13
10
19
17
7
23
5
21
11
22
24
23
10
11
14
11
10
27
20
13
20
9
16
7
17
9
12
11
18
15
14
15
13
15
12
7
14
13
13
3
15
15
21
14
7
11
10
14
14
18
16
8
17
22
12
23
17
12
18
14
13
18
15
24
7
29
10
22
12
16
11
8
29
13
8
13
14
21
21
26
18
12
21
22
20
25
23
20
13
15
15
9
15
13
14
27
16
10
8
11
16
29
18
11
20
7
12
19
11
16
13
15
28
17
4
14
16
4
11
17
20
18
13
16
11
7
14
17
11
17
14
25
20
14
18
13
14
16
11
1
17
20
14
15
14
11
11
14
11
14
18
16
16
14
13
21
16
16
5
11
24
15
18
20
18
8
19
15
5
25
11
18
11
6
22
14
8
24
16
9
16
19
10
13
11
5
18
18
21
9
18
11
16
13
14
17
18
17
15
13
17
19
12
7
17
17
15
20
11
13
12
16
19
16
15
19
5
18
12
16
8
18
8
19
7
21
16
13
17
10
12
15
7
11
11
27
19
11
13
27
11
12
18
18
11
18
18
12
19
20
18
22
16
13
22
16
12
21
12
10
9
3
9
15
15
15
12
13
22
15
7
18
21
14
13
9
22
15
21
15
10
6
19
13
12
18
17
20
18
18
14
17
15
10
7
19
19
23
17
16
12
12
13
16
3
17
12
10
19
19
12
14
16
5
12
13
12
26
14
13
8
20
26
15
7
27
19
16
12
17
18
13
14
13
22
17
12
6
15
10
14
14
4
11
15
14
20
8
13
17
14
17
16
13
8
13
17
7
14
9
9
7
10
25
17
15
12
16
11
9
15
14
15
15
13
16
17
16
18
19
22
16
3
15
11
20
16
13
27
19
13
7
22
10
13
16
11
10
14
13
13
17
11
21
24
7
15
16
14
14
9
14
11
5
8
14
12
11
24
18
12
21
20
22
13
18
15
11
17
15
12
18
15
17
18
12
17
15
18
10
5
11
14
13
17
16
14
20
19
17
12
14
15
16
13
22
18
14
15
1
5
20
15
20
17
12
13
5
16
13
14
17
10
10
16
15
12
19
16
15
14
16
17
20
14
18
24
12
11
10
16
9
14
17
18
11
12
15
16
14
16
22
13
18
15
18
15
8
17
14
19
27
14
11
11
17
16
14
0
16
11
19
13
12
19
14
15
12
11
9
15
15
13
9
10
8
20
1
17
4
15
14
16
11
18
10
9
13
13
21
7
18
12
20
6
12
14
17
19
9
16
14
15
19
15
28
6
19
15
16
14
9
10
19
19
14
15
13
12
11
9
16
6
12
17
14
15
17
18
9
11
20
6
17
17
19
19
12
13
10
9
17
25
11
17
9
18
10
11
9
7
12
17
7
12
15
26
13
14
21
7
22
30
13
14
17
16
16
8
4
12
21
20
21
25
12
16
19
16
14
9
20
18
20
13
18
13
14
13
21
11
8
6
9
16
12
13
16
23
15
12
15
21
5
7
18
14
14
9
15
20
15
8
11
15
17
13
20
21
16
12
12
13
12
20
21
12
14
14
18
15
11
8
6
18
18
5
19
20
17
11
11
22
8
18
12
19
14
12
21
16
14
13
10
12
11
11
14
3
19
21
20
18
15
8
18
7
14
21
23
11
10
15
22
16
8
19
15
19
11
16
18
11
10
13
7
20
15
13
11
14
15
20
11
22
16
5
7
10
10
11
18
15
26
8
11
9
14
15
11
12
16
17
20
14
11
14
15
19
2
15
16
11
14
5
13
11
13
18
16
12
15
10
8
11
17
21
13
10
10
11
13
24
15
20
11
14
16
17
14
3
13
16
7
17
12
16
25
15
21
12
9
12
21
21
16
18
12
22
14
14
14
15
21
18
18
13
10
14
18
10
10
25
17
12
13
13
18
11
17
19
16
11
18
10
14
8
25
6
8
12
15
14
10
14
13
19
25
25
12
25
16
13
16
17
19
16
8
19
11
14
19
23
12
14
15
15
7
15
27
8
12
22
19
16
15
12
14
17
8
17
12
21
19
16
21
16
9
14
13
19
11
15
14
9
