6
12
20
10
19
12
15
18
6
11
15
12
18
16
15
15
12
20
16
7
7
13
16
18
18
11
14
23
16
13
16
13
16
11
19
15
3
18
10
14
24
17
16
19
12
16
20
15
15
7
12
12
11
11
6
7
21
17
14
22
15
22
16
12
16
17
13
9
13
18
17
14
9
7
19
13
11
16
15
15
17
13
13
6
20
12
15
19
11
9
21
8
8
12
11
14
16
10
8
16
12
8
23
8
22
15
19
5
18
9
18
15
18
9
21
12
19
22
19
16
12
10
17
19
21
12
10
13
11
13
14
11
13
12
21
15
3
11
11
15
16
15
9
16
15
15
10
9
12
22
3
14
13
16
15
15
19
15
15
8
20
14
15
12
16
15
17
19
13
14
14
12
12
7
11
16
13
13
15
9
14
16
8
11
15
15
8
13
12
21
13
23
20
15
13
9
17
17
19
25
17
18
6
15
14
18
5
18
11
5
13
11
16
2
17
19
8
14
17
10
24
12
12
15
13
5
20
13
16
18
12
16
12
6
17
11
12
18
19
7
6
12
13
16
10
15
13
17
10
13
15
27
22
16
20
16
14
16
16
18
17
17
11
3
12
11
9
20
13
18
15
11
11
25
14
9
11
14
11
21
11
9
11
18
18
23
13
13
5
14
11
17
22
14
14
15
17
10
19
19
7
16
8
12
18
13
21
11
23
8
8
16
17
21
11
18
5
11
19
22
11
21
7
22
2
10
19
16
1
15
14
4
15
10
14
15
6
10
16
20
10
22
16
16
2
17
22
21
11
15
18
21
15
15
14
15
12
11
14
13
12
15
12
14
10
19
19
12
17
15
8
16
10
20
11
9
20
11
15
17
11
19
15
18
13
9
17
11
15
7
12
15
14
13
19
15
13
13
21
17
20
15
26
7
19
14
14
15
19
15
7
17
21
15
19
16
16
14
10
16
13
12
16
9
13
18
8
12
13
14
13
16
14
13
11
12
17
11
16
17
14
18
20
19
8
13
9
18
8
20
9
13
7
14
15
15
14
5
18
12
9
10
21
16
16
12
21
18
12
9
13
12
2
13
13
16
12
13
19
11
16
23
18
18
6
16
12
8
27
11
18
18
13
15
22
14
15
18
20
14
9
12
3
9
16
10
17
16
16
15
3
11
10
14
12
18
10
13
19
12
10
15
20
18
7
13
15
13
19
17
13
14
19
12
16
10
21
10
12
13
19
10
17
17
14
18
13
5
12
17
21
12
23
13
14
10
12
11
19
11
14
17
7
17
13
20
24
14
12
12
11
14
16
21
22
14
11
19
11
24
13
27
12
16
15
15
21
11
9
22
14
16
1
24
16
14
15
9
9
13
19
9
9
17
15
15
14
14
10
14
16
12
14
16
13
13
15
10
11
15
8
16
12
14
10
17
16
15
16
14
14
8
9
15
10
11
10
13
10
19
13
17
14
9
15
16
21
7
13
9
8
17
7
12
17
4
20
15
12
17
15
20
8
13
15
17
10
11
14
13
14
18
15
20
13
15
20
11
18
11
16
19
21
10
16
12
15
17
13
10
26
17
17
19
20
20
12
15
22
13
15
16
10
15
16
6
8
17
19
9
17
8
23
14
20
17
11
13
16
13
12
18
16
10
14
16
10
17
18
19
13
14
20
13
12
10
13
13
5
2
10
16
18
11
14
16
8
13
12
5
14
11
11
11
19
20
17
17
5
15
21
6
8
12
17
15
13
0
7
17
9
20
13
6
22
11
9
12
15
15
16
14
15
10
8
12
17
13
12
14
9
20
13
14
15
15
8
4
7
8
16
19
21
16
21
9
13
11
23
10
6
14
13
13
16
12
10
11
19
13
16
18
17
17
19
21
4
10
9
12
20
13
7
18
11
7
20
11
19
23
10
5
20
16
13
17
6
13
6
7
22
9
11
15
14
14
14
24
18
18
11
22
11
18
9
11
14
17
8
16
18
17
10
21
19
18
10
18
17
9
15
17
15
9
24
10
12
20
24
6
16
16
17
16
16
17
22
9
13
18
16
12
14
15
7
21
10
14
14
21
14
11
13
2
18
13
11
19
9
15
24
15
14
9
13
18
18
20
20
9
13
13
15
21
13
7
5
15
16
5
9
12
13
11
8
14
16
23
13
8
20
14
17
14
15
13
19
17
10
13
10
11
17
15
16
9
18
19
16
18
7
18
18
8
14
13
22
9
11
20
13
19
11
8
18
11
15
19
21
10
12
17
17
13
15
8
11
12
18
5
