36
14
56
22
58
28
11
17
57
22
31
42
37
14
11
35
10
35
20
13
23
17
48
44
23
11
19
29
28
15
46
16
47
33
41
29
14
27
29
47
64
41
21
28
10
10
27
25
21
16
47
66
33
48
32
55
56
23
29
33
14
26
34
28
56
22
16
7
4
50
32
40
33
11
21
42
26
50
38
22
32
29
26
25
26
26
42
18
54
20
29
27
23
47
27
35
15
16
32
19
39
37
37
21
7
2
25
55
38
24
49
42
37
30
29
25
12
36
43
45
52
34
24
20
10
40
31
30
13
32
36
9
33
41
36
14
29
25
25
20
25
38
15
27
27
30
29
18
30
28
35
25
7
39
12
38
2
29
40
28
11
38
28
27
23
14
13
43
11
29
17
51
20
36
26
38
25
34
11
31
29
25
19
29
26
24
36
29
70
35
20
29
18
1
29
24
47
29
37
36
34
6
23
64
33
24
40
39
16
13
19
43
43
44
36
17
26
48
36
27
27
29
27
22
35
28
28
16
25
19
60
24
44
49
20
21
25
27
56
14
9
35
12
43
15
35
37
52
30
38
28
14
16
19
15
19
46
23
23
33
66
31
36
19
36
66
27
4
47
35
24
33
30
18
34
13
15
59
19
13
22
16
30
40
41
12
25
32
44
27
24
26
38
65
30
25
43
28
43
17
25
59
22
10
30
26
26
33
31
27
70
26
13
73
35
45
10
15
23
28
35
19
31
29
13
28
27
13
38
23
16
28
36
34
24
38
33
24
17
24
86
43
12
49
25
30
61
20
18
33
16
33
17
49
12
27
26
17
41
13
60
13
19
16
21
18
37
51
15
19
28
18
71
26
24
16
26
21
22
32
46
26
3
24
28
24
28
18
40
25
19
15
18
26
29
23
49
26
41
64
28
44
7
15
29
62
41
20
19
19
31
35
13
22
14
34
66
31
17
27
29
50
47
49
27
23
19
29
63
48
25
46
59
12
25
13
71
55
48
40
29
24
24
34
27
21
21
28
30
50
25
58
27
23
38
22
36
18
19
28
33
33
21
21
20
24
20
11
42
27
26
50
36
39
6
15
25
20
39
42
25
36
25
46
57
20
15
48
21
25
30
34
30
28
32
34
50
70
25
48
17
10
19
25
31
21
29
22
24
31
32
40
9
24
16
26
52
16
15
47
19
29
35
32
15
41
19
33
20
39
19
5
20
21
19
64
27
19
42
28
19
25
12
32
18
23
25
26
40
14
24
25
23
31
17
21
29
24
32
27
25
36
29
29
15
34
62
28
12
19
24
24
20
44
15
42
18
17
44
18
21
21
79
13
26
19
33
18
38
40
14
18
41
58
32
11
11
31
21
16
23
16
37
33
49
20
26
26
34
28
24
65
53
21
33
41
38
51
31
27
17
22
59
19
18
36
25
24
24
23
35
69
58
32
51
15
16
50
22
16
12
29
36
28
30
24
43
42
45
20
35
12
32
16
47
50
22
26
51
18
26
19
31
23
24
16
35
26
27
16
24
19
12
11
23
60
38
11
18
21
24
27
31
19
25
64
44
47
29
27
35
32
27
33
26
23
19
35
17
25
42
14
21
20
43
21
20
33
8
50
20
22
30
24
29
23
39
29
18
8
18
24
21
46
46
14
54
10
28
33
54
18
25
24
51
31
22
23
62
27
36
35
15
22
25
35
27
35
29
36
46
9
21
30
45
35
43
24
24
5
37
36
15
34
25
28
51
24
40
37
43
57
23
37
69
27
17
20
23
33
42
37
39
37
49
18
64
37
23
45
18
28
13
34
30
20
26
24
26
22
39
36
32
29
8
14
24
28
23
33
23
34
33
33
48
29
8
16
19
17
27
18
25
23
33
23
21
20
17
32
35
29
33
31
44
34
22
46
32
15
26
48
29
19
25
25
33
31
10
58
8
27
52
12
44
34
18
53
21
27
28
37
20
16
31
22
39
33
7
19
27
21
29
38
21
23
49
19
44
16
12
49
48
10
54
21
27
25
18
11
43
21
22
14
37
20
41
30
17
26
11
20
49
22
32
35
23
28
25
15
13
49
51
60
19
20
22
29
16
32
24
19
24
29
33
20
42
55
25
25
30
45
24
36
26
21
51
61
51
33
27
22
25
33
24
25
24
72
36
17
34
52
28
34
33
61
23
16
13
13
47
29
38
45
18
27
5
27
17
22
30
40
48
36
41
25
21
23
20
16
52
27
44
23
18
10
9
33
33
20
23
32
17
24
31
34
28
18
25
43
