26
32
23
33
20
41
25
27
15
18
40
18
34
26
27
33
17
24
34
0
23
35
33
23
25
23
17
31
26
33
33
23
34
29
26
35
18
21
25
34
8
31
9
25
17
3
19
19
29
32
30
28
32
21
17
24
12
33
23
33
17
23
32
37
23
19
37
30
25
31
12
31
7
21
27
19
31
20
19
21
11
24
29
22
24
21
20
12
20
22
14
30
29
20
11
14
17
29
22
34
26
14
23
18
17
18
9
14
42
21
9
28
29
20
16
17
29
18
32
22
28
37
15
11
27
11
29
47
13
31
26
25
10
28
31
27
27
28
22
22
36
13
26
25
38
35
23
25
14
12
20
19
28
30
26
16
10
20
24
22
25
29
19
13
37
37
28
24
15
39
8
21
29
30
29
30
21
27
34
15
13
29
22
32
15
21
34
27
23
25
6
16
26
28
19
11
14
27
23
18
27
42
28
20
28
25
38
32
39
18
33
31
29
25
21
29
32
37
30
29
17
27
16
40
31
24
19
14
32
12
37
17
22
32
38
19
17
27
21
22
21
29
18
8
18
2
13
21
28
30
23
26
22
17
18
33
19
38
27
40
20
24
38
12
25
30
32
16
12
30
31
27
27
28
34
16
30
27
39
37
18
10
20
17
29
20
30
27
25
14
20
23
24
34
19
28
12
29
31
30
20
26
22
28
17
18
25
31
19
27
0
35
30
12
40
5
14
20
25
26
26
27
17
23
15
47
28
24
35
3
32
22
26
40
40
36
39
22
33
17
24
21
32
30
29
18
26
17
20
31
23
39
26
26
26
29
22
23
17
21
29
37
25
29
26
25
28
29
22
27
22
33
21
29
10
27
28
21
25
28
25
19
36
30
29
34
34
24
29
19
20
9
27
47
37
27
25
34
22
16
18
19
19
39
24
6
29
33
26
17
24
23
3
16
44
23
10
21
36
22
25
38
22
25
29
23
37
29
30
24
25
22
25
37
30
14
14
27
3
29
32
30
28
35
30
28
11
28
30
27
18
17
24
33
29
11
30
31
26
14
18
27
12
29
33
23
36
16
26
24
17
20
40
19
29
20
30
22
47
21
30
18
24
23
23
15
37
29
28
39
16
18
25
27
32
20
25
34
19
27
23
9
15
25
29
29
37
21
37
28
12
21
26
32
12
27
9
23
31
26
11
19
27
23
7
5
30
26
25
13
30
24
27
12
23
25
17
27
41
26
23
34
12
21
40
37
20
27
25
19
24
27
23
35
19
13
10
20
36
31
26
22
22
27
26
29
23
19
35
30
31
29
27
18
24
9
17
30
36
15
21
33
31
24
32
24
21
32
26
21
22
21
16
28
35
30
19
24
25
30
17
24
15
41
19
19
33
19
27
13
28
25
19
36
36
17
25
23
39
42
34
41
38
27
25
23
19
39
17
31
19
24
21
21
27
19
30
28
24
32
20
23
30
29
27
13
16
28
25
24
13
20
19
19
26
25
15
22
30
19
12
14
49
30
21
8
25
40
20
16
19
26
18
36
21
27
34
41
19
18
18
21
25
29
20
22
27
17
37
14
23
25
38
23
35
18
10
27
32
29
28
33
13
34
14
18
28
23
39
27
28
28
31
42
12
22
41
33
20
19
21
21
29
13
26
19
33
43
26
24
20
11
34
37
37
10
21
39
19
19
30
23
33
23
30
24
24
17
27
28
17
34
20
5
32
19
14
23
18
19
37
21
39
34
24
30
33
3
45
13
17
22
16
34
14
14
24
28
20
24
29
16
23
28
26
19
27
26
21
19
39
27
24
16
28
18
11
26
29
4
30
15
24
13
40
9
22
32
25
17
13
21
30
18
13
18
29
36
34
18
24
33
20
47
18
5
6
21
20
9
28
24
18
7
22
22
33
34
20
16
16
27
33
15
21
37
39
13
23
14
22
17
25
36
16
28
16
21
22
22
16
18
27
12
36
36
29
8
24
17
30
25
24
23
52
33
21
11
38
15
28
26
38
18
25
16
22
21
10
23
30
24
21
30
19
17
10
20
12
26
15
31
13
15
9
17
18
22
27
19
31
23
37
15
16
18
28
25
22
24
22
38
11
36
43
32
19
35
37
22
26
37
22
10
26
44
30
23
23
33
19
26
15
23
17
12
13
25
19
14
20
13
24
11
29
33
24
40
28
33
27
26
21
23
31
26
26
32
24
26
21
28
29
28
8
43
10
23
17
32
23
13
37
31
24
21
18
36
22
26
26
34
19
25
18
25
26
29
19
28
