41
19
37
28
11
12
34
18
37
25
22
38
19
3
20
25
11
24
22
23
7
26
20
23
33
28
15
23
25
33
17
38
40
23
18
22
23
23
31
18
19
3
14
16
15
23
13
8
34
21
28
29
26
21
41
8
11
25
15
13
14
24
20
29
21
18
33
9
16
27
32
31
28
27
21
18
41
16
28
21
11
43
14
46
45
32
25
38
23
36
10
24
35
28
33
14
28
17
27
16
14
19
26
38
37
28
43
14
11
18
19
2
35
23
22
20
26
31
29
26
7
15
0
17
19
11
20
42
12
30
14
17
30
40
32
28
25
20
22
18
34
31
10
34
28
17
32
8
22
0
28
19
21
38
26
17
19
23
15
42
20
27
12
26
43
28
24
24
21
32
21
31
19
23
29
17
16
25
12
20
18
33
34
25
16
6
14
23
18
37
18
26
15
12
9
17
36
20
17
26
11
36
11
22
18
30
36
18
25
9
21
29
33
10
14
24
31
11
32
22
24
18
26
23
26
25
23
22
18
23
43
31
25
33
24
14
20
19
27
15
17
19
35
20
24
23
37
42
24
16
18
19
37
19
7
12
20
31
15
20
25
40
11
33
19
16
25
25
48
29
20
12
16
28
24
14
25
23
22
18
16
25
36
15
21
18
20
23
26
4
16
16
36
18
35
20
8
21
18
28
31
9
12
15
39
16
23
22
14
6
20
12
25
37
25
25
16
19
22
19
21
19
18
44
27
30
32
22
21
43
15
12
36
5
41
30
38
22
38
18
24
13
25
15
36
33
33
33
33
25
9
23
36
24
16
16
28
5
21
5
28
29
21
21
15
17
28
26
16
22
0
18
19
28
27
27
20
34
19
21
36
16
31
17
42
18
20
49
32
29
32
26
30
11
18
33
20
31
8
15
37
26
24
23
16
39
14
16
25
23
27
28
3
17
21
34
7
37
10
37
15
27
23
16
23
25
18
15
22
34
23
24
26
30
7
23
3
30
12
5
5
31
22
25
16
24
21
31
43
24
14
18
16
15
49
23
39
28
30
11
34
22
15
9
30
17
10
18
22
0
19
30
22
26
32
24
15
36
28
21
20
12
10
27
13
4
22
13
22
21
5
25
25
6
27
18
17
27
29
20
18
8
15
26
23
19
9
14
25
26
14
17
19
32
22
33
23
23
39
18
22
15
13
29
44
17
18
14
31
17
28
16
15
10
21
20
27
18
11
21
35
20
53
25
28
27
5
21
19
15
31
14
23
21
18
15
8
26
18
20
19
13
39
32
34
29
39
20
46
27
12
15
39
21
13
21
24
16
22
22
6
8
16
36
16
32
35
29
31
29
12
25
10
17
22
12
25
19
9
34
18
29
14
26
22
34
30
25
40
18
11
27
24
25
20
15
29
22
28
26
13
22
31
18
9
18
26
13
27
27
12
33
17
27
16
42
23
13
49
19
22
19
29
28
18
29
10
1
46
36
39
10
32
21
20
20
25
27
18
31
39
21
30
36
12
18
19
20
14
17
17
10
22
9
13
38
8
18
26
21
21
18
18
5
30
34
14
11
24
24
7
23
16
24
21
15
29
19
47
16
17
48
11
13
31
22
47
17
31
29
18
27
16
20
21
35
45
35
15
14
32
22
16
32
26
34
25
45
9
5
19
21
30
17
8
20
20
26
43
19
26
28
37
18
19
27
21
22
23
11
27
22
34
13
21
48
6
12
24
14
32
37
6
33
31
33
13
17
36
30
43
30
45
8
1
15
11
24
19
21
35
24
23
31
24
30
9
24
16
18
38
36
37
16
31
20
19
39
9
26
27
29
29
17
28
19
26
18
40
21
26
12
39
20
17
25
27
37
26
24
23
14
32
40
36
37
22
26
33
17
16
26
22
25
30
16
27
28
10
29
15
24
28
17
29
16
22
27
48
23
34
18
29
23
30
14
27
17
23
26
19
11
16
2
16
22
29
31
36
23
42
18
17
17
43
20
14
17
23
24
16
14
15
24
13
26
16
15
34
41
16
34
11
23
33
14
43
20
45
26
20
24
26
29
19
38
29
34
17
4
21
23
13
22
43
6
22
25
40
13
26
24
34
10
4
35
9
22
32
38
32
33
30
24
46
20
22
29
17
24
8
10
26
43
22
17
36
17
12
24
25
33
38
20
16
13
30
23
29
12
23
17
29
28
11
21
22
18
29
16
21
36
14
24
22
33
14
17
10
23
13
21
25
13
21
32
16
37
18
22
28
5
37
38
27
25
11
16
9
14
