14
24
21
29
26
44
19
40
21
11
20
27
22
40
10
14
35
2
16
14
25
28
15
16
9
16
22
12
18
14
14
23
16
42
18
21
15
29
20
23
23
18
26
19
20
37
25
21
20
14
35
18
11
30
11
14
19
18
25
13
33
11
23
29
13
4
37
14
13
20
26
33
19
14
16
22
14
12
20
11
25
26
26
27
14
24
17
25
33
11
25
16
34
38
29
15
35
28
25
28
38
16
19
21
29
14
26
25
23
21
9
20
17
27
26
43
16
22
17
22
23
21
18
21
14
4
20
22
17
28
14
12
16
15
33
18
13
21
21
34
26
19
35
13
16
28
19
19
44
28
22
35
25
20
18
38
18
28
22
17
45
14
14
25
9
24
17
25
16
17
10
34
20
28
16
29
26
34
17
20
27
4
30
17
18
23
17
22
21
26
28
18
15
30
24
16
27
20
14
17
17
25
19
17
26
23
23
20
14
45
24
12
18
23
6
18
13
23
13
24
14
28
13
23
28
15
20
16
17
18
21
32
28
19
23
24
25
17
27
21
31
29
14
22
12
8
18
31
23
27
9
14
16
19
23
20
24
29
21
34
26
32
26
21
18
19
39
47
16
8
16
24
27
20
36
11
12
20
19
34
21
25
23
45
21
21
15
28
33
21
24
20
20
28
34
23
23
22
16
29
20
16
27
13
21
21
21
24
21
33
32
20
22
8
29
42
17
15
28
4
13
12
20
22
25
5
27
38
14
22
8
17
24
28
17
25
11
24
19
20
23
43
32
24
21
20
17
24
16
19
23
29
16
23
22
18
28
22
23
34
36
12
2
24
24
14
13
24
11
26
26
16
15
14
23
23
34
13
5
17
25
26
5
25
20
34
21
19
3
24
18
12
23
21
16
26
20
39
19
49
12
10
30
20
36
14
21
7
10
24
2
21
9
31
20
20
16
29
19
33
24
20
31
19
12
10
13
17
10
22
12
25
29
24
15
18
12
13
21
13
19
16
14
21
30
28
13
26
28
28
20
32
17
17
19
10
19
18
32
25
23
27
33
10
44
11
17
20
20
17
27
9
13
34
27
10
25
31
19
29
16
12
32
19
20
14
31
24
21
45
21
22
18
19
21
6
20
7
47
21
20
27
14
32
25
7
28
23
21
30
22
19
28
20
54
24
17
30
20
16
35
18
21
38
18
23
17
32
33
20
18
12
25
27
30
23
11
26
28
17
19
39
11
42
17
11
21
18
13
20
25
31
26
39
25
24
24
19
37
20
23
29
23
31
24
43
23
13
1
16
19
19
22
29
24
2
29
22
24
16
22
20
37
17
26
15
24
19
16
17
21
21
22
25
28
23
14
20
22
28
18
27
21
15
20
18
25
10
33
26
22
8
14
35
16
21
20
10
18
24
13
18
18
21
14
31
34
22
10
24
31
50
17
21
28
13
31
14
24
18
24
2
6
28
18
13
22
34
22
15
25
22
12
26
26
19
13
13
23
19
50
5
18
22
24
37
19
21
15
16
24
24
23
6
36
26
43
20
5
9
28
18
11
18
41
11
31
19
15
35
24
23
22
14
24
21
23
35
15
24
23
15
14
23
26
29
15
12
27
20
17
27
18
26
17
4
15
11
15
17
2
30
22
25
24
13
24
17
6
11
23
26
22
15
24
22
30
41
42
38
27
13
13
2
20
32
24
28
31
24
27
21
14
25
24
18
13
45
16
19
15
19
23
43
34
19
12
24
21
26
16
17
28
15
16
28
25
22
13
16
28
19
46
45
19
32
38
6
24
35
17
19
28
24
42
16
18
29
12
34
21
19
24
23
18
13
37
23
22
10
9
30
18
18
13
20
21
16
8
15
25
22
30
28
21
36
25
32
27
24
31
24
30
21
18
9
27
20
21
26
25
34
42
22
20
26
17
22
19
22
15
21
21
1
21
27
25
23
21
15
17
13
12
17
20
39
38
24
19
19
12
31
40
35
10
20
14
20
25
31
18
18
24
31
23
10
25
22
14
25
20
21
22
27
21
46
30
10
25
24
14
30
21
29
13
12
37
14
17
17
24
15
19
20
23
12
24
19
19
24
18
22
12
19
24
26
26
18
15
43
31
18
27
17
14
31
29
21
46
26
17
13
23
23
15
27
18
10
22
22
34
34
23
18
33
17
33
38
51
28
17
22
21
16
23
22
33
16
22
27
17
26
21
15
15
26
23
23
12
4
18
20
24
25
41
33
26
30
19
15
25
26
31
45
19
26
25
28
15
26
