21
11
12
23
28
16
19
20
20
31
24
14
25
19
23
11
9
21
20
20
21
15
18
16
19
28
18
22
36
14
21
13
14
16
21
25
11
28
19
18
26
27
23
10
20
21
17
29
24
27
26
22
38
28
21
14
17
23
12
22
14
24
13
10
22
9
19
16
27
16
6
33
18
10
17
23
23
23
22
12
11
20
13
22
19
23
12
5
17
27
22
30
16
20
20
23
17
4
24
17
17
25
16
30
33
14
25
8
17
16
21
21
15
8
30
27
18
12
13
24
0
18
13
24
19
22
27
8
10
18
22
20
22
28
23
13
16
30
15
25
29
18
20
29
12
24
16
26
13
21
21
32
17
24
18
23
19
20
17
15
2
29
22
17
8
18
22
20
15
14
22
21
18
23
17
15
17
22
20
16
25
25
20
14
15
16
19
17
15
19
25
20
16
15
20
14
25
19
0
16
27
21
15
12
18
34
14
9
26
12
29
21
11
22
27
24
9
25
26
11
23
21
19
25
10
19
22
11
13
22
22
25
29
15
20
8
13
19
10
32
11
24
17
13
19
14
24
23
14
20
31
18
25
11
17
24
21
15
17
12
19
24
11
23
20
10
19
25
17
19
24
21
21
27
25
17
23
28
14
14
18
28
11
17
25
17
27
20
17
16
11
18
33
23
20
14
25
21
29
27
27
15
24
22
7
22
22
17
26
23
9
19
11
29
26
21
17
17
19
17
11
19
34
23
24
17
24
21
21
21
24
21
6
24
17
18
15
12
16
23
18
20
23
13
23
13
15
16
14
13
19
23
5
10
18
13
19
16
27
14
22
29
25
27
26
24
15
19
19
10
20
23
21
15
24
22
15
16
19
21
24
15
20
19
21
28
17
8
16
17
17
11
16
10
24
23
17
23
19
33
26
28
27
12
18
1
21
18
7
25
22
11
16
14
23
22
22
19
15
17
24
20
23
35
17
13
16
14
30
15
30
19
14
18
24
26
30
16
15
21
21
16
37
18
32
21
14
21
19
9
14
33
16
32
24
24
14
18
17
27
19
22
21
22
37
11
32
18
21
17
20
28
20
12
24
18
6
15
14
14
18
25
18
6
16
24
6
23
13
12
26
28
26
9
15
20
14
15
20
14
20
26
25
22
25
22
32
15
22
15
24
18
25
18
27
15
19
28
29
37
29
21
23
20
16
13
11
32
20
13
21
23
21
18
16
16
16
32
19
27
13
12
17
16
12
21
17
23
20
9
20
16
17
20
7
16
23
13
25
29
21
17
20
29
16
24
22
21
22
16
16
19
13
18
19
23
4
28
9
24
19
31
11
15
27
14
21
9
11
20
12
19
17
19
22
29
18
21
34
35
24
16
19
25
21
15
5
17
14
26
17
16
16
14
26
25
23
20
14
13
23
15
17
6
31
23
23
20
16
24
17
14
22
19
25
17
25
21
39
28
17
29
30
13
20
13
25
18
15
19
17
14
20
4
19
21
19
21
23
18
16
8
21
15
13
23
18
6
17
29
22
21
14
22
15
19
21
16
12
15
7
22
25
21
21
15
9
22
16
19
16
18
16
25
20
17
18
6
16
8
16
18
15
16
38
9
22
9
22
16
15
22
10
28
24
25
12
14
22
16
15
12
18
23
24
16
24
9
25
9
10
12
20
23
20
25
25
18
17
19
10
28
22
3
18
15
27
24
17
26
14
27
22
26
24
16
18
17
19
28
19
22
19
19
25
22
5
17
29
22
15
21
4
36
7
19
32
13
22
4
22
21
31
15
15
19
21
12
20
15
12
17
23
12
12
17
26
25
8
19
17
19
3
18
20
31
20
16
15
18
23
21
21
9
13
21
16
20
30
10
24
16
19
11
23
14
22
10
22
21
16
13
20
26
23
20
14
23
27
14
22
12
7
14
7
25
10
9
13
22
23
14
20
13
20
16
28
22
13
27
28
31
8
13
16
23
30
25
24
20
30
15
27
24
19
29
24
15
29
24
24
24
24
18
20
22
17
15
12
17
33
23
12
36
15
24
26
22
16
5
30
13
18
19
10
21
23
19
22
29
19
23
17
15
20
26
15
26
25
18
28
22
8
20
21
23
17
24
17
24
25
25
18
26
20
12
10
14
7
6
18
22
23
15
25
21
9
33
22
27
20
9
26
16
16
22
18
17
11
14
20
20
14
25
22
19
22
9
20
15
17
24
17
30
8
23
17
17
18
19
19
24
23
18
16
28
22
25
10
18
21
23
26
23
28
22
20
16
15
26
