35
18
29
37
24
48
4
32
11
40
32
41
31
25
39
14
27
27
20
12
43
18
13
25
20
27
27
26
30
34
18
40
15
27
30
26
45
24
34
29
29
23
36
40
37
25
48
44
40
16
25
36
25
35
28
31
33
34
26
41
19
9
36
48
41
20
22
25
29
1
22
2
1
46
29
20
53
37
32
25
41
31
13
37
36
27
38
29
23
29
30
33
30
29
40
38
16
45
58
33
40
15
33
39
31
1
31
32
35
12
29
53
33
36
30
35
15
37
22
24
38
38
33
32
35
23
28
27
34
27
25
16
20
27
40
32
37
18
45
35
37
25
25
40
13
29
31
43
23
25
13
27
12
17
39
29
32
25
37
26
21
33
39
43
56
36
25
32
36
34
21
43
39
52
47
35
32
49
32
28
14
43
46
42
49
31
22
33
38
26
28
30
33
28
34
10
16
14
36
39
6
26
33
22
46
46
31
34
23
22
6
37
11
54
40
13
14
15
8
27
46
13
41
5
4
29
37
27
19
38
40
12
37
34
32
54
36
35
24
30
38
22
29
32
29
6
31
34
26
29
25
34
23
24
28
20
24
45
16
35
14
40
32
37
35
20
22
19
33
53
21
30
30
43
30
35
42
36
24
33
37
13
39
31
28
13
17
20
38
36
7
16
25
44
37
38
23
34
30
6
11
26
31
24
20
31
31
32
26
29
34
32
18
34
25
42
38
49
46
34
23
13
44
17
37
30
24
30
20
31
13
29
6
54
21
25
35
21
32
33
29
23
39
27
35
36
22
34
34
15
39
38
36
18
38
22
37
24
34
12
33
10
29
35
36
35
51
40
33
32
43
30
33
59
25
27
25
33
17
22
29
31
22
27
38
17
28
54
31
45
29
14
22
20
33
26
24
37
49
29
40
31
45
33
15
26
11
13
24
27
29
13
23
12
30
3
45
48
36
34
33
30
36
31
7
29
24
33
16
3
26
27
41
18
12
27
29
25
20
18
61
22
22
26
47
34
18
19
29
18
24
46
43
26
20
41
22
20
42
42
33
36
20
27
23
42
38
25
44
34
44
24
21
37
55
19
54
36
26
19
38
16
33
32
29
32
36
12
38
34
38
39
24
26
16
44
33
22
32
20
21
33
40
42
30
33
14
30
34
18
36
27
52
26
34
16
24
44
17
46
26
33
34
21
40
20
60
23
20
48
39
6
31
30
4
34
40
17
48
15
33
34
32
35
18
19
17
43
31
28
21
38
25
23
30
13
23
29
25
16
32
14
29
22
24
30
35
15
41
33
19
65
24
20
24
34
21
25
22
24
47
59
29
19
35
20
28
25
27
22
49
38
32
38
23
38
29
12
8
31
31
45
25
23
15
8
41
22
35
42
41
29
29
34
22
28
19
35
38
36
32
33
30
49
28
33
21
17
14
46
27
39
36
37
12
44
26
35
22
38
28
27
57
31
43
30
22
52
15
43
42
20
45
28
42
26
22
20
22
40
22
23
11
20
43
26
21
38
37
15
35
47
11
35
21
17
31
60
38
9
21
45
16
31
41
35
26
38
28
25
37
4
23
38
46
42
23
32
32
41
21
40
27
19
15
34
20
39
25
3
32
36
31
47
37
16
22
31
25
25
25
20
30
33
28
19
26
40
27
20
40
36
32
27
37
42
29
21
23
30
24
29
39
39
44
52
37
38
2
35
42
33
33
24
36
27
26
29
20
33
40
20
44
27
29
34
24
17
40
27
41
44
17
48
38
50
12
27
2
44
30
30
34
11
22
32
26
51
21
28
24
44
51
41
30
40
39
36
30
25
37
31
33
38
22
33
39
25
31
21
30
23
19
25
25
43
21
30
41
52
24
34
25
24
26
28
34
31
39
25
34
8
17
29
27
61
35
37
30
43
25
27
13
16
49
1
35
30
28
24
35
38
21
51
26
25
30
27
19
38
29
37
30
22
1
54
16
24
33
47
24
23
31
14
38
32
24
47
35
18
22
29
48
28
32
29
38
45
30
37
38
16
31
28
39
38
30
41
21
35
27
12
19
29
7
10
24
61
2
41
21
12
17
28
23
10
31
10
23
27
37
53
25
37
16
27
24
20
26
19
30
19
33
34
41
54
34
17
38
45
21
12
18
29
34
26
37
13
36
40
22
49
24
13
45
30
35
32
13
60
30
31
35
23
34
49
49
22
48
36
32
38
43
18
30
28
29
38
22
31
29
23
37
31
51
26
30
18
30
39
18
16
35
27
25
45
28
41
35
22
