34
28
13
26
29
31
28
35
26
38
23
21
24
23
20
17
31
30
32
41
17
41
9
29
36
12
37
28
33
17
36
12
22
36
26
16
35
26
49
16
27
22
22
3
32
9
17
19
14
24
31
20
32
41
23
18
7
17
27
29
40
38
38
23
25
27
45
34
47
29
21
42
12
36
27
19
40
14
30
23
16
20
27
22
34
33
36
24
14
29
32
26
34
32
49
35
31
26
38
40
28
19
22
35
38
16
41
34
38
33
26
11
29
23
26
5
39
26
3
25
14
31
32
9
33
17
16
48
30
22
23
29
27
36
48
47
44
20
20
26
27
19
38
26
45
37
41
18
26
27
44
9
34
3
40
6
13
45
22
26
37
17
39
37
23
40
22
41
23
26
39
41
50
26
29
24
34
42
27
46
42
15
36
49
47
58
32
32
4
37
12
18
36
24
28
23
33
31
35
21
10
28
36
22
32
36
13
25
36
11
24
34
21
27
31
25
37
40
19
21
43
24
40
25
29
46
23
26
24
20
3
25
41
44
45
22
25
32
31
21
30
35
30
25
31
35
41
38
17
39
28
18
19
23
15
24
25
31
19
22
17
24
45
40
20
29
31
34
42
14
29
42
33
6
38
43
22
24
19
37
40
27
6
32
21
33
11
15
21
27
36
22
30
18
17
14
16
22
32
26
18
30
39
35
30
29
39
21
31
22
30
36
22
28
40
24
31
40
32
3
18
28
40
22
27
26
23
22
22
38
33
20
42
38
18
20
28
26
36
7
34
32
30
29
44
22
12
24
28
16
22
27
11
24
32
27
3
11
17
25
24
39
25
43
27
30
61
50
29
24
8
36
34
8
26
35
19
37
21
30
16
25
42
35
46
22
32
11
22
15
26
27
45
12
14
13
38
18
28
41
33
33
22
48
13
17
11
43
20
39
35
11
44
13
37
29
41
27
31
21
21
23
44
12
14
30
41
34
48
25
32
25
21
22
34
39
14
38
16
11
39
18
14
21
24
20
41
17
10
14
37
14
19
31
21
29
21
20
34
34
24
31
35
44
23
43
33
43
27
31
42
28
33
15
27
15
20
56
56
22
32
9
48
32
41
27
19
10
45
35
30
35
13
20
34
32
38
30
27
22
40
36
30
12
48
17
36
16
34
19
36
50
23
39
19
37
53
35
33
26
22
26
46
43
34
19
21
48
45
25
31
45
23
24
27
9
33
29
30
34
31
43
17
16
42
28
23
33
28
15
30
40
33
10
36
38
22
27
13
26
38
31
27
22
25
21
15
43
30
22
39
16
26
35
30
32
31
23
18
37
28
23
23
38
45
29
18
38
14
27
27
24
17
29
27
24
43
30
29
16
32
19
13
24
16
30
36
47
23
15
6
11
39
26
32
23
23
3
26
26
11
35
11
19
11
13
41
28
33
39
45
49
28
23
35
36
30
35
11
15
18
26
13
29
29
28
49
13
20
17
21
18
26
36
19
25
22
22
17
16
21
14
15
32
16
37
17
51
33
30
18
10
41
20
19
26
58
24
21
37
26
15
34
35
40
20
40
26
29
15
6
18
45
14
16
36
34
33
48
18
29
30
25
24
31
13
20
45
21
16
34
30
36
33
24
38
39
26
30
51
30
20
33
7
23
38
32
22
47
22
21
28
22
19
25
26
41
14
39
31
32
15
22
25
41
33
34
21
6
29
39
29
29
35
33
32
28
16
31
31
19
25
23
33
26
35
25
14
38
39
1
37
11
16
28
26
21
25
32
17
27
22
22
27
48
21
25
37
27
23
31
26
26
5
41
25
20
26
28
31
12
9
24
27
28
16
21
25
16
30
19
26
37
12
43
31
23
36
13
40
30
14
9
41
40
19
23
34
30
9
16
26
32
27
35
37
24
48
6
26
33
34
35
33
21
14
13
35
41
15
29
31
23
28
21
16
35
44
19
30
33
32
36
46
35
44
45
28
29
18
42
35
23
34
37
30
47
19
52
19
39
16
24
48
40
51
26
13
31
21
35
36
30
17
24
27
27
30
27
41
29
8
32
32
15
22
30
29
26
57
24
28
17
28
20
28
14
30
34
21
36
53
39
33
36
28
31
51
26
25
46
15
18
24
31
25
17
26
43
43
25
30
36
30
37
3
28
20
27
16
18
32
10
22
28
23
29
36
19
14
19
38
18
51
17
47
38
37
25
33
23
19
49
30
41
39
34
36
37
47
4
35
2
28
31
36
19
20
25
39
18
20
14
21
24
18
25
26
32
23
