41
33
23
35
35
50
25
24
34
31
27
26
23
18
34
27
8
30
26
26
15
24
24
55
19
14
31
33
19
22
9
24
11
21
26
16
7
16
55
10
20
20
32
36
27
32
21
10
17
18
22
21
36
20
19
53
17
24
5
28
31
33
21
40
47
30
13
20
47
19
11
17
41
23
27
23
19
28
34
35
32
13
31
20
29
42
25
6
25
15
6
17
27
32
19
59
23
11
28
26
23
10
26
24
15
29
32
24
27
14
33
33
22
30
6
18
35
13
24
31
21
29
17
18
28
32
30
0
14
37
19
23
27
27
12
31
26
24
31
19
17
25
23
25
20
22
25
26
31
27
37
18
8
31
11
36
28
31
43
24
30
30
5
32
31
37
22
14
28
21
32
29
7
25
32
22
30
33
3
17
30
35
25
17
29
23
38
19
26
23
22
41
16
31
26
18
22
13
32
35
18
21
19
29
36
14
33
19
30
27
26
23
25
27
42
22
50
24
36
22
4
37
49
27
7
20
27
16
14
14
22
14
17
37
21
26
16
16
18
21
23
21
26
24
25
21
17
5
18
25
17
15
23
24
10
19
21
27
16
18
15
22
58
33
30
29
35
32
26
26
23
27
9
17
25
51
34
31
22
32
26
25
20
19
21
24
28
26
20
20
37
28
24
33
4
24
18
28
15
26
20
29
10
29
21
28
27
22
47
18
28
23
6
12
26
38
24
16
14
19
18
22
29
11
27
19
36
26
34
11
31
30
16
9
36
31
28
49
25
31
29
20
39
41
40
28
18
29
29
24
25
8
11
24
20
23
29
20
12
32
16
22
28
22
12
28
18
5
24
43
22
26
30
30
24
24
12
31
1
26
14
23
19
20
15
29
9
25
19
11
29
22
18
27
32
29
25
23
25
5
19
19
35
25
22
15
43
23
31
45
17
19
16
59
19
30
34
45
47
15
23
29
21
52
34
28
17
11
27
31
33
33
17
30
15
33
23
38
30
33
29
19
23
18
48
28
26
10
32
22
20
15
41
24
25
34
21
25
30
30
32
37
23
17
18
24
31
32
27
49
23
15
24
24
21
22
19
28
13
32
30
26
26
21
30
3
22
23
35
27
24
31
7
25
44
25
22
49
12
15
12
23
16
15
24
24
26
24
9
24
8
44
27
20
34
22
49
20
42
32
23
27
31
9
8
24
28
21
30
22
24
23
26
39
20
45
13
19
36
28
37
38
37
20
15
7
39
42
23
27
7
12
22
34
20
30
16
21
20
20
20
36
24
27
32
22
30
33
12
29
23
19
25
16
12
34
11
10
36
28
22
23
14
22
24
27
55
19
32
16
9
25
19
21
42
33
36
34
22
37
17
16
15
12
22
16
20
25
24
24
23
25
33
22
32
29
39
38
28
26
12
45
9
28
27
25
37
34
32
26
18
19
29
20
19
21
33
20
10
16
21
14
17
7
30
19
21
18
23
26
23
28
15
2
22
13
32
31
9
22
15
34
23
23
27
20
19
19
31
28
22
36
36
23
30
27
14
26
29
11
19
32
22
43
12
27
31
37
34
17
27
12
21
18
27
31
41
26
26
23
28
12
19
10
28
12
8
30
40
34
2
19
16
21
10
2
20
12
39
19
33
32
38
7
30
23
15
23
28
18
39
19
32
40
15
28
26
16
26
32
26
15
17
44
19
34
25
26
21
34
23
14
17
24
23
21
28
33
34
30
26
26
25
29
47
21
29
38
36
30
30
18
19
22
50
38
10
20
30
35
21
26
15
34
36
22
25
17
30
26
23
17
22
34
16
32
30
19
16
24
14
34
14
16
23
31
14
39
15
28
23
23
45
24
28
36
18
27
21
27
31
23
23
44
24
49
18
21
15
17
27
25
23
26
20
23
28
23
27
26
55
15
17
31
25
46
46
36
12
36
19
24
19
25
30
30
23
34
24
29
24
32
32
14
24
25
4
34
28
33
24
7
31
20
11
31
13
42
46
31
22
27
22
32
19
27
42
21
6
28
29
46
21
28
17
29
45
31
12
37
32
53
29
12
31
20
37
10
14
23
36
20
32
35
24
36
14
25
31
30
30
22
26
27
17
26
30
29
15
29
34
13
21
19
23
15
14
12
25
20
55
3
19
33
27
25
21
18
30
32
26
24
39
29
24
28
16
18
36
20
56
14
38
18
25
32
22
25
34
17
47
10
17
22
56
24
22
29
16
16
47
21
32
46
21
17
46
34
10
23
22
14
30
41
27
30
19
41
29
29
