20
33
11
42
37
13
12
29
24
46
21
31
17
21
16
43
20
20
18
13
39
37
24
34
14
16
26
12
39
26
41
43
18
20
16
36
14
11
12
20
10
9
40
41
33
17
8
26
28
17
29
17
22
28
25
34
10
22
25
22
25
40
22
9
24
10
27
32
26
30
21
18
23
27
30
36
13
38
33
27
20
39
28
10
20
27
43
41
15
18
32
24
43
15
18
47
28
17
31
9
30
23
21
32
51
23
28
22
33
18
42
42
24
34
36
35
29
15
22
18
31
21
27
28
26
23
35
27
29
13
27
29
44
22
27
21
31
19
36
23
19
27
46
27
31
12
26
16
33
33
0
32
15
19
29
37
20
19
22
28
33
27
34
15
24
5
20
26
28
24
29
29
23
52
34
6
25
30
20
9
22
20
21
26
35
19
24
1
32
39
21
30
27
18
29
45
26
47
34
25
41
21
25
24
21
17
13
22
17
38
31
31
28
28
32
26
21
28
21
24
29
20
4
27
16
33
52
8
18
31
41
21
15
32
7
19
23
36
36
24
28
27
27
51
21
11
16
23
13
8
23
25
21
19
25
25
21
29
19
24
41
6
37
30
21
36
18
19
36
29
19
12
18
13
34
25
29
20
37
28
29
23
26
24
27
25
36
34
28
13
22
22
28
36
16
42
12
42
31
16
27
44
18
40
19
35
27
21
8
26
13
21
26
31
30
28
29
19
20
22
19
37
27
16
39
30
23
41
28
11
41
23
24
23
22
12
35
43
36
37
11
15
22
21
12
26
19
13
31
39
12
25
28
26
18
31
14
17
43
32
22
14
38
14
31
33
35
22
26
31
3
29
18
41
17
22
13
24
26
27
25
33
34
19
36
20
26
3
43
40
19
17
13
33
30
15
27
24
24
18
19
24
34
26
37
37
25
25
30
28
4
36
24
12
36
22
28
40
20
29
41
21
27
22
34
20
11
30
17
31
27
9
24
25
26
22
13
19
32
20
34
3
33
26
13
34
15
11
37
24
50
8
32
41
30
29
32
26
19
35
22
15
14
18
21
23
31
25
29
41
25
18
32
14
29
1
41
30
30
55
16
41
35
17
31
33
20
13
20
45
20
16
14
28
27
21
26
23
20
10
24
18
4
41
37
23
22
13
24
21
28
19
32
27
37
27
22
18
23
20
34
27
25
30
25
28
26
21
31
18
27
15
34
26
15
35
29
25
18
6
33
30
25
32
32
33
36
12
16
38
46
40
28
31
26
28
46
20
26
23
25
15
30
22
42
24
18
29
16
15
27
30
26
36
19
12
35
19
22
26
37
22
25
32
27
28
32
25
27
25
24
25
48
44
27
27
25
26
34
25
26
25
32
22
22
26
18
17
39
22
34
23
27
42
17
32
30
13
25
31
23
21
4
15
17
31
25
32
12
20
35
29
26
25
52
27
31
24
18
28
33
30
32
28
20
20
16
27
22
16
21
26
38
16
37
23
14
38
26
26
28
20
16
18
20
15
33
27
25
20
33
22
21
12
48
11
24
24
27
37
36
9
21
27
39
25
27
15
12
20
25
28
18
33
32
19
43
34
25
25
29
33
28
19
46
31
15
21
21
37
17
17
2
34
12
22
24
17
6
9
21
24
42
29
24
36
11
19
50
18
25
23
18
27
19
24
27
23
12
27
27
17
39
30
2
19
18
9
20
9
26
40
28
18
29
15
38
30
26
21
23
26
20
29
24
19
19
14
47
25
16
19
29
27
16
29
44
22
17
14
31
21
47
29
32
30
37
10
20
29
20
26
21
12
29
12
23
20
46
20
21
15
23
43
23
22
19
14
58
9
11
43
34
27
34
2
20
24
31
20
14
15
14
18
12
23
0
26
29
11
15
24
40
37
26
16
32
26
42
25
37
31
26
44
33
13
29
13
29
21
29
22
20
28
14
9
37
34
17
13
20
5
35
26
16
44
8
13
25
26
20
20
38
31
28
27
11
20
19
19
11
27
33
32
31
27
26
16
22
18
32
23
23
31
18
31
23
32
38
23
20
44
26
14
10
27
15
25
32
24
27
23
5
40
13
18
9
24
43
40
18
10
32
21
19
7
15
14
29
25
43
24
28
27
42
9
24
25
25
41
19
45
23
26
25
26
28
21
23
13
18
9
33
29
31
42
17
39
32
28
18
26
30
45
19
24
13
34
21
35
21
41
26
7
38
22
20
22
18
46
35
32
22
19
33
12
23
23
26
33
33
30
19
47
20
31
7
13
26
20
