28
28
17
20
26
17
15
26
15
10
33
27
21
21
32
18
30
23
27
28
30
32
23
30
29
14
30
26
29
17
22
16
42
35
28
18
22
19
36
7
27
22
27
14
22
25
31
15
29
20
23
32
19
30
32
15
36
30
30
21
18
29
26
39
24
33
19
28
19
34
15
19
33
17
15
27
17
25
27
16
31
25
25
35
21
29
23
20
22
19
6
15
16
22
36
23
19
16
0
24
22
13
17
23
9
32
37
10
26
22
39
24
26
13
31
24
30
13
13
19
41
15
39
25
18
30
18
21
28
14
16
27
31
34
24
7
31
10
25
14
12
29
32
20
19
18
19
27
28
15
34
28
30
32
18
22
35
32
13
23
28
43
26
12
22
10
33
27
21
31
4
30
34
36
22
22
17
21
19
26
26
26
14
20
17
27
21
27
41
29
21
8
24
15
27
25
31
23
14
19
21
18
37
7
38
26
19
10
29
17
27
28
22
3
19
34
22
14
23
10
30
42
32
22
18
31
15
12
27
17
17
26
24
28
21
14
22
16
27
25
17
33
21
15
15
38
12
19
19
37
23
29
19
23
26
29
26
18
23
28
14
36
29
26
22
34
9
39
20
17
11
28
19
21
35
24
14
12
12
26
34
12
39
19
20
7
18
10
23
24
33
33
21
21
28
27
21
36
12
23
10
21
34
18
31
28
28
22
14
16
16
25
14
30
37
26
25
17
24
19
18
24
37
19
33
22
16
20
27
43
25
24
30
25
18
16
21
22
20
25
31
19
35
24
10
5
29
38
29
25
34
7
37
22
7
26
33
25
10
30
33
0
26
25
26
16
34
20
28
28
24
25
11
34
26
18
37
24
17
24
33
26
18
16
25
23
23
30
20
34
30
23
20
13
38
26
29
23
35
6
4
8
15
19
20
12
36
18
26
26
31
31
6
25
14
30
17
23
35
29
31
13
39
32
13
26
29
2
17
21
5
10
21
30
24
26
30
24
26
43
30
26
19
24
31
29
21
45
25
22
25
29
34
17
19
27
36
26
12
13
20
19
28
12
35
22
22
27
15
24
27
33
23
34
39
24
7
23
33
26
34
17
7
18
24
29
1
25
19
15
17
27
19
26
14
14
27
6
15
16
15
32
34
13
17
14
23
22
20
25
12
15
34
29
21
23
11
18
16
33
18
15
21
19
25
18
37
10
19
15
20
20
26
27
24
22
20
22
24
24
19
20
17
15
18
29
23
14
23
13
12
17
16
29
16
24
5
17
25
34
15
27
21
27
11
34
36
12
26
10
19
14
5
16
25
19
23
36
22
22
14
38
13
24
30
23
36
27
6
18
13
19
20
9
22
23
27
28
20
8
20
13
30
17
23
30
39
22
40
12
33
30
18
34
22
30
9
19
10
23
4
27
11
23
32
17
25
34
20
33
40
36
23
29
23
17
18
17
7
17
28
16
34
23
13
24
14
19
19
23
27
50
30
13
14
13
39
9
20
37
30
18
26
42
21
23
29
20
26
14
21
16
17
24
24
16
21
3
21
9
25
21
12
9
42
33
23
21
26
3
34
7
45
30
25
28
13
17
24
32
34
21
26
23
22
25
28
18
34
18
32
16
23
24
30
17
36
20
15
29
26
30
31
28
41
16
21
30
26
36
37
28
19
18
39
28
18
32
42
34
36
27
21
25
23
25
24
25
15
22
15
16
26
10
28
41
11
15
12
29
20
22
25
43
24
26
26
21
17
9
13
17
25
21
15
30
31
42
17
20
15
24
24
18
22
15
20
27
24
20
18
26
21
26
17
13
18
26
31
32
26
25
28
10
9
27
21
24
13
30
12
20
17
21
29
30
15
16
19
23
15
22
26
17
19
19
8
26
14
30
14
20
29
21
35
15
22
13
19
16
24
24
15
25
28
11
29
24
22
23
21
21
37
17
30
19
12
20
27
24
23
32
21
34
12
12
34
26
26
25
21
29
17
21
34
23
28
11
11
16
17
26
23
34
20
26
26
25
37
28
19
25
32
25
8
19
16
24
33
28
24
25
39
17
23
20
33
17
25
18
26
12
34
17
34
24
18
30
13
3
21
26
30
33
23
31
36
18
24
27
31
27
40
12
14
35
32
26
24
25
44
15
27
23
19
22
30
23
25
14
24
18
34
27
26
25
24
12
25
17
21
16
28
24
32
31
25
24
31
41
12
21
22
25
20
30
18
16
20
18
20
11
24
25
23
30
27
43
26
18
32
19
14
18
34
20
21
21
21
18
