16
20
9
2
27
29
30
10
30
38
17
32
25
35
36
13
16
30
28
27
19
20
31
27
35
26
37
23
17
31
23
22
34
24
16
36
24
30
16
34
34
16
22
25
25
17
28
19
39
31
16
19
4
27
11
23
23
9
20
29
19
21
43
28
22
19
30
44
25
21
45
30
22
19
11
25
28
22
6
15
20
24
21
26
11
17
23
10
21
36
21
26
18
32
21
31
18
33
24
24
6
31
22
25
32
19
21
25
24
23
23
19
20
42
28
28
37
19
33
29
28
18
21
24
23
32
20
15
18
20
16
40
17
28
20
25
23
26
8
42
28
28
28
19
21
30
1
38
11
27
28
20
24
25
37
18
18
36
25
18
24
40
40
20
11
29
20
23
22
8
32
32
29
24
43
25
23
29
22
21
31
26
19
39
22
49
24
14
8
25
33
28
14
15
19
20
25
23
21
27
24
12
23
25
27
24
26
9
22
14
26
13
31
29
22
25
26
15
20
39
33
21
16
44
42
20
17
22
25
27
24
21
5
27
24
23
38
27
25
32
29
22
23
32
11
15
23
23
27
23
21
38
22
15
0
26
6
18
16
13
22
32
29
17
6
36
16
30
21
29
25
49
22
24
9
16
20
40
22
21
43
15
31
18
24
19
15
19
11
6
18
17
31
22
38
19
12
20
28
21
44
33
33
34
19
7
42
34
28
26
20
22
24
29
21
24
32
18
26
29
32
23
26
1
24
31
31
21
35
22
25
26
21
29
5
15
36
29
10
32
19
26
31
25
4
18
19
17
31
21
18
20
26
15
4
18
35
30
21
30
15
22
14
37
24
11
15
15
13
28
17
20
22
47
24
19
15
36
8
20
22
28
18
29
20
41
20
15
17
21
28
15
25
30
2
31
18
23
14
15
19
21
51
22
15
46
17
26
20
21
21
30
23
8
39
19
25
25
26
10
16
21
22
30
30
31
18
20
35
25
32
31
23
11
40
19
33
16
29
22
22
15
20
19
16
21
24
20
23
18
29
27
17
36
27
19
31
26
30
28
21
25
24
40
26
31
24
41
19
20
17
27
20
16
32
16
39
37
17
14
14
18
20
27
6
40
29
21
37
26
2
17
25
33
33
4
21
32
19
29
22
28
2
23
18
9
26
38
25
29
8
22
19
20
22
4
11
32
12
13
42
14
35
16
21
18
23
26
17
40
25
4
25
14
29
14
21
22
23
27
15
51
27
24
11
35
21
15
18
15
33
33
47
27
36
16
33
24
24
30
24
21
14
32
29
30
13
24
39
17
20
11
12
9
31
21
26
32
19
41
24
24
23
27
52
31
18
35
28
20
10
17
18
24
13
10
30
44
33
26
25
37
20
21
18
21
13
40
18
16
16
17
18
20
12
18
14
19
26
13
18
38
23
25
30
36
14
34
28
18
10
20
6
26
27
14
33
9
25
29
5
18
20
19
27
19
37
33
18
24
22
58
19
23
25
24
23
21
27
14
14
22
34
15
13
8
29
28
34
23
16
19
38
0
21
12
18
40
26
25
27
31
1
11
27
21
30
32
28
25
8
28
29
19
23
28
28
26
31
17
24
24
42
23
34
24
28
30
21
21
15
28
17
28
28
21
30
28
33
24
20
25
23
23
17
23
17
23
4
24
33
22
50
9
36
19
38
5
36
23
41
22
27
12
34
30
23
30
16
27
10
27
15
30
20
29
30
25
35
15
21
13
21
28
21
19
14
17
28
28
17
14
18
36
30
30
11
19
22
13
22
29
12
13
8
17
30
13
28
33
29
24
21
53
24
33
29
15
29
23
24
20
27
20
3
7
26
9
16
26
28
13
11
22
23
19
26
33
34
24
26
21
24
27
17
12
15
23
6
35
17
18
19
15
33
24
29
12
26
30
20
21
16
49
16
22
20
30
24
30
24
13
24
25
32
30
20
31
27
18
33
29
26
19
18
16
33
19
38
26
28
21
23
25
30
26
17
24
30
22
15
28
36
49
20
22
29
15
19
22
28
22
5
12
29
25
38
11
25
36
15
22
29
14
7
22
37
28
14
21
18
41
18
16
5
17
29
30
29
27
8
9
1
13
21
19
40
10
40
21
23
38
18
44
27
15
34
41
17
29
29
19
26
22
24
28
11
10
27
37
24
21
29
25
16
23
25
9
15
39
3
26
20
16
31
9
32
17
16
20
19
30
29
12
22
28
29
28
40
25
30
19
25
41
25
11
23
18
3
21
21
11
27
34
12
36
19
29
15
22
