13
18
20
25
20
18
7
22
25
11
23
15
26
22
24
33
31
24
18
26
19
39
21
25
7
30
10
21
23
21
34
28
26
29
27
26
31
14
12
15
26
15
32
15
5
2
21
30
11
23
22
21
24
22
15
33
26
19
14
18
20
19
14
28
15
3
10
10
15
25
18
17
18
10
19
13
11
22
18
6
17
18
21
22
17
15
17
30
15
30
40
35
20
24
21
27
29
30
22
25
31
21
5
20
19
22
24
29
22
16
38
20
15
16
17
27
19
20
26
7
20
25
17
28
21
28
24
34
24
16
29
31
31
4
28
33
10
17
26
23
21
20
16
27
20
24
25
17
20
20
33
26
18
26
11
24
34
13
17
13
27
8
16
20
22
19
19
23
25
33
13
25
21
38
27
27
16
28
13
21
25
22
20
12
23
25
12
16
29
22
27
28
29
35
17
23
34
25
22
29
35
22
22
13
18
15
23
18
0
15
31
26
25
25
27
26
18
21
7
18
35
27
20
48
30
26
25
16
17
28
31
17
13
20
6
24
19
22
21
22
19
9
14
20
23
10
21
25
13
29
26
32
22
30
31
18
28
14
21
18
21
18
24
5
19
30
16
20
36
8
8
21
14
21
12
13
46
19
35
24
13
21
22
13
18
27
32
5
33
28
24
14
28
25
32
15
31
21
16
16
15
18
21
15
23
21
23
33
20
25
17
24
26
29
13
37
2
4
36
24
24
25
20
24
27
2
25
21
37
19
36
12
20
25
41
19
28
17
24
20
20
27
20
44
15
24
20
21
21
11
25
15
14
19
27
24
9
28
13
23
23
2
23
20
19
9
28
30
6
38
19
21
28
32
7
27
15
18
22
22
20
25
19
28
25
33
18
26
26
23
20
2
32
19
16
12
17
17
13
26
20
32
30
31
20
15
20
16
16
17
21
13
27
36
5
26
16
21
24
10
15
34
16
23
22
13
17
20
9
19
25
21
7
24
28
42
11
28
21
26
19
23
28
14
7
20
17
27
27
14
28
19
14
24
11
28
26
23
24
10
23
22
6
25
26
20
16
32
14
30
28
27
27
20
18
32
14
17
24
31
29
15
22
9
20
14
14
8
24
33
16
22
17
10
24
31
31
14
20
35
22
14
21
17
17
15
17
21
20
20
9
19
19
40
20
22
24
17
17
13
15
23
23
30
25
39
24
4
21
19
43
24
30
11
22
7
31
12
18
18
2
15
13
20
7
26
33
24
23
15
24
30
15
31
31
39
19
37
13
33
18
23
19
31
14
17
19
25
27
20
31
25
23
19
23
25
25
18
35
23
24
32
27
11
33
22
34
24
24
33
31
18
23
39
34
18
16
23
27
38
13
6
5
37
20
16
10
19
13
28
20
33
28
18
23
28
7
19
17
26
15
8
23
34
39
18
26
35
25
28
12
29
16
26
25
23
19
20
10
22
19
29
17
13
16
31
18
31
26
9
17
22
26
19
13
22
28
18
15
14
24
16
31
20
29
37
9
36
18
31
24
16
27
27
14
20
23
22
27
30
18
15
33
18
36
17
18
34
22
8
22
25
16
24
23
21
38
34
28
10
14
24
17
13
22
23
27
23
23
2
8
10
15
18
21
5
2
18
36
22
26
22
20
17
22
17
24
26
26
25
12
9
29
21
29
12
25
21
22
22
24
24
26
21
21
16
15
19
29
46
9
24
22
30
22
26
27
28
16
21
20
18
17
23
19
32
20
9
16
39
23
22
35
27
26
14
15
15
21
18
30
19
29
30
28
29
28
18
21
26
28
34
29
16
31
9
16
11
24
27
21
21
7
22
25
11
25
29
18
21
36
21
20
26
20
31
22
23
20
17
35
23
17
23
21
13
19
11
15
48
35
17
24
27
7
20
29
40
21
27
21
19
19
13
16
19
21
23
29
18
31
17
22
33
11
20
14
12
27
13
37
25
28
27
20
16
7
27
19
6
21
19
17
2
22
24
32
34
19
26
20
41
27
23
23
15
29
20
13
17
6
11
22
17
19
20
10
23
34
8
23
26
17
24
24
11
42
23
22
21
16
14
2
21
18
30
26
21
16
17
44
26
25
19
10
19
26
29
17
11
40
19
36
22
28
29
28
28
32
25
13
32
21
16
16
15
23
24
29
16
33
27
26
21
11
38
23
29
18
19
20
27
18
33
19
30
34
20
17
18
15
21
20
33
21
23
23
21
28
22
22
23
19
27
19
12
23
13
23
24
17
17
22
32
31
21
16
17
13
10
