41
29
45
20
84
19
53
22
12
39
37
33
57
51
25
53
51
33
69
52
52
49
13
31
52
45
35
52
47
43
16
55
50
57
20
30
34
70
59
24
25
30
47
61
66
71
56
62
61
16
19
40
39
33
67
40
30
67
22
51
83
42
49
21
25
61
25
32
50
61
55
11
52
39
10
12
6
31
40
69
54
30
33
41
61
40
37
87
12
55
43
41
36
66
50
48
11
23
44
36
66
45
35
40
30
30
16
19
33
48
13
24
28
44
48
50
14
7
58
32
16
41
42
45
51
62
61
64
46
56
28
26
37
34
49
29
23
32
19
31
31
33
70
55
32
64
36
62
43
47
38
19
59
31
62
40
54
24
25
69
43
39
48
31
42
40
37
41
35
24
63
54
23
45
47
40
33
65
8
67
62
65
84
38
42
54
56
41
51
71
20
42
37
50
36
50
38
40
62
53
65
17
25
28
39
45
53
72
43
39
63
57
48
32
46
29
52
58
54
53
35
39
81
32
36
48
5
39
27
46
29
32
56
6
51
56
9
34
20
15
20
44
54
24
61
26
39
63
10
31
38
50
43
14
59
56
16
53
33
64
33
25
11
43
59
45
45
29
44
37
56
28
55
23
22
42
38
51
65
47
53
45
45
52
36
23
41
39
31
69
26
67
67
12
61
18
45
47
30
28
36
67
35
46
42
64
25
12
26
28
50
38
60
68
43
59
36
25
15
47
36
32
20
38
67
38
48
66
40
42
39
40
47
30
46
79
5
23
37
3
46
48
50
39
48
31
45
28
40
50
44
33
68
26
57
35
38
44
43
59
13
45
32
57
21
44
34
28
65
38
30
47
60
33
51
23
42
3
35
54
30
37
57
26
40
48
41
75
20
59
23
67
46
55
46
42
64
30
26
44
24
9
25
45
60
41
27
21
54
56
56
47
39
47
25
48
64
26
53
63
53
37
60
55
38
30
24
55
26
22
66
59
24
37
54
59
51
53
58
65
72
28
61
55
30
55
62
48
43
51
45
31
51
47
58
46
30
52
32
47
41
56
34
62
58
59
4
39
42
26
47
61
66
28
32
14
58
50
20
19
10
34
38
42
47
62
22
46
16
60
34
27
51
37
28
46
80
62
59
55
25
67
53
30
9
78
48
47
31
35
31
43
46
51
51
43
66
54
39
36
38
69
35
10
0
10
49
57
44
51
58
59
50
52
37
69
73
51
56
23
65
37
0
57
18
3
27
43
17
40
44
31
42
51
42
39
44
15
21
54
21
51
36
30
36
63
64
34
30
59
49
29
59
32
42
50
57
69
51
48
79
52
67
56
57
64
46
47
46
47
55
35
6
29
20
40
54
77
60
53
45
42
28
41
15
28
15
58
52
17
19
79
41
49
57
50
2
50
34
64
26
25
55
42
29
49
48
24
29
57
56
34
60
24
34
55
49
33
27
42
36
76
9
73
27
65
30
49
59
55
50
51
51
59
59
33
44
56
48
36
48
1
49
10
42
32
56
47
32
23
38
40
13
41
41
47
56
23
52
43
61
46
77
52
25
48
35
47
50
31
74
42
59
54
45
35
66
29
77
37
24
65
45
49
37
41
44
34
34
38
43
13
23
51
37
86
52
14
23
50
45
28
50
50
21
62
62
19
43
57
55
58
58
4
44
34
77
53
37
25
32
61
14
53
25
39
57
46
13
24
39
21
40
38
21
30
46
19
38
23
50
60
27
41
29
43
50
49
4
36
95
20
55
27
75
46
27
57
52
36
69
34
59
47
15
35
58
96
63
22
58
31
31
52
57
38
58
77
18
56
40
47
55
47
81
40
42
54
45
43
48
48
36
44
25
71
60
73
34
38
43
59
30
35
33
64
58
37
72
34
24
47
48
64
63
39
32
47
35
38
25
41
39
22
30
54
51
59
35
27
30
32
36
77
68
14
24
39
17
69
27
42
50
31
39
43
52
74
58
69
15
30
35
29
52
24
87
34
41
51
45
7
53
40
51
60
37
43
63
30
57
58
24
42
41
37
26
26
40
62
54
30
40
72
59
46
43
24
46
54
34
33
22
65
34
23
33
26
35
19
43
49
54
53
19
46
65
42
16
13
46
48
27
60
30
60
19
80
37
64
53
40
36
49
20
57
63
38
50
56
32
50
65
53
52
46
82
33
31
48
38
34
29
28
52
59
34
51
55
25
58
22
33
40
25
45
51
33
20
10
37
68
43
23
27
61
22
70
47
15
36
7
29
33
36
38
33
55
31
56
