26
24
51
52
59
42
33
23
24
18
31
48
45
67
46
37
21
39
32
61
47
25
40
43
36
35
57
14
38
29
22
68
45
19
25
85
29
91
82
26
36
55
37
55
51
28
51
39
8
41
55
67
25
92
28
40
40
68
54
59
52
38
81
54
37
44
42
11
58
40
45
16
54
41
38
68
39
28
55
83
53
61
67
55
22
38
26
34
31
58
66
13
54
53
48
55
32
71
49
70
3
43
28
62
58
43
24
48
36
63
57
65
60
60
16
52
27
27
15
33
51
65
25
52
36
58
84
78
30
65
49
34
30
15
55
78
35
54
18
16
42
49
45
77
25
13
26
48
32
47
37
29
24
47
39
45
43
54
41
63
69
76
30
33
62
47
53
44
28
16
76
59
42
32
45
53
68
60
28
12
52
63
37
75
11
54
64
32
46
33
33
40
27
11
45
88
60
47
73
75
34
46
60
42
31
59
45
30
47
26
59
35
38
41
36
42
76
27
14
39
35
27
27
34
40
62
41
62
28
51
37
55
28
53
37
17
26
25
58
56
65
54
17
40
38
58
74
30
38
16
85
28
40
53
54
63
39
39
26
47
53
6
37
35
51
35
25
41
59
21
29
47
11
60
61
65
12
36
45
76
38
2
78
108
65
64
45
70
46
56
26
16
34
74
54
44
21
43
54
62
35
32
38
43
20
40
43
44
36
42
25
85
44
35
58
52
48
38
34
29
79
16
30
47
42
31
35
52
31
52
29
31
77
49
50
64
59
23
39
19
12
29
26
22
30
29
37
40
51
16
27
63
48
29
58
55
34
8
39
32
38
43
32
30
50
26
44
18
62
83
29
21
44
52
44
15
33
29
71
7
24
45
41
20
67
34
70
56
8
35
27
60
20
67
28
70
24
75
39
57
51
23
48
62
10
61
76
39
14
71
40
17
75
11
14
69
44
38
37
52
59
31
43
38
33
42
38
31
40
49
36
41
71
41
59
42
54
43
63
18
58
65
30
96
27
35
74
38
44
33
34
44
64
26
48
18
56
26
6
59
37
37
31
43
34
53
44
64
100
51
30
66
82
62
52
33
31
12
27
39
26
39
52
54
34
58
23
29
63
12
43
66
27
15
88
32
3
36
32
30
49
44
42
42
56
54
46
48
35
32
56
47
37
45
38
22
31
46
42
33
72
27
40
40
49
15
28
57
38
66
28
25
80
23
60
83
71
42
27
71
5
29
65
30
22
9
23
55
38
40
31
63
37
31
78
30
61
40
44
30
26
48
49
72
17
13
30
29
87
7
28
40
18
36
69
38
39
59
31
36
60
50
58
57
48
64
58
68
52
30
26
29
25
37
44
34
26
19
24
30
55
10
40
56
29
31
65
16
41
50
64
39
56
52
7
43
34
55
42
39
40
68
13
58
72
49
67
1
54
51
50
35
15
26
69
63
63
22
82
22
67
53
28
1
24
57
28
58
51
62
24
56
65
19
28
48
40
21
24
50
45
66
43
57
30
66
30
24
21
55
50
42
1
24
32
61
28
70
34
83
19
56
40
32
46
22
26
23
35
2
48
22
33
26
40
59
23
23
22
8
26
21
76
52
48
27
48
16
31
35
65
37
54
14
67
64
61
33
74
33
42
23
43
70
61
39
41
48
28
59
36
36
33
86
62
18
38
49
48
25
56
59
55
37
52
35
49
30
35
86
75
59
30
84
58
50
53
20
48
51
59
21
34
49
10
31
34
40
33
62
26
58
36
58
49
51
67
70
48
28
25
31
23
26
92
46
58
32
28
8
24
39
36
27
59
30
37
40
59
71
39
38
86
32
28
36
57
19
37
29
46
24
50
68
60
36
57
54
72
31
70
49
30
60
46
30
64
30
48
33
48
24
43
18
71
21
25
35
62
16
52
76
76
55
45
29
62
43
44
32
20
8
51
41
49
42
35
36
42
44
58
56
65
50
38
56
61
34
65
33
61
42
54
52
10
57
78
50
41
23
19
5
39
31
58
24
21
28
47
73
22
50
68
9
38
7
65
54
29
13
19
49
47
39
40
24
36
58
33
73
51
46
21
53
66
64
42
52
41
66
35
25
51
50
57
54
46
32
66
37
45
77
65
26
55
31
29
22
21
52
79
40
59
32
56
84
53
35
66
7
34
43
31
17
50
35
80
26
65
12
40
54
31
40
41
38
65
37
61
45
35
76
32
28
55
75
45
26
19
38
49
25
35
19
37
82
47
44
22
34
43
72
43
24
43
21
26
49
54
75
