37
31
41
57
54
46
11
31
49
30
52
35
17
50
18
45
29
38
8
40
42
24
36
15
21
54
33
23
31
46
43
44
41
57
49
31
24
39
24
20
37
54
26
26
17
37
47
27
31
40
48
27
27
27
54
34
34
35
43
45
36
41
11
32
45
46
43
49
32
16
44
52
53
26
15
29
44
36
51
19
29
25
19
44
27
44
39
45
27
37
20
30
19
28
30
25
2
27
44
59
30
34
36
20
38
11
49
50
24
40
41
10
9
40
22
40
45
34
44
38
31
35
32
44
48
34
27
13
38
27
52
40
29
39
38
58
28
12
45
37
30
45
28
26
57
38
28
52
54
33
26
23
49
23
28
38
35
58
37
39
25
29
38
39
29
20
39
28
40
28
30
36
24
43
40
33
38
31
50
28
29
31
22
66
49
42
42
39
29
5
31
38
13
30
33
33
38
41
58
40
48
34
5
12
19
57
41
45
29
43
28
45
24
23
23
19
26
52
22
18
37
26
41
25
48
42
18
34
47
26
41
39
37
26
37
23
52
34
25
40
20
49
29
26
12
26
42
34
24
40
20
6
32
43
45
22
17
23
44
55
46
40
20
37
32
49
35
30
18
39
35
13
49
44
30
37
1
28
33
34
31
29
14
52
41
20
31
21
35
42
49
21
37
10
57
9
32
18
40
59
35
30
32
24
39
40
63
34
46
44
32
19
41
52
39
50
34
36
31
48
36
35
27
42
15
48
31
31
30
49
35
38
31
37
61
40
18
52
34
32
46
36
37
35
45
17
27
27
12
43
31
37
19
36
34
30
48
18
24
37
33
38
30
48
53
45
15
25
47
2
15
42
25
34
17
29
38
39
37
31
25
40
22
32
32
48
32
31
32
13
54
42
22
5
38
41
9
45
32
27
35
52
53
31
40
25
35
25
0
61
33
43
24
24
30
41
39
33
46
43
46
35
57
26
23
39
16
50
55
42
19
35
14
54
31
18
30
22
44
53
43
23
47
33
22
48
45
38
51
23
34
15
48
17
27
13
38
18
59
30
5
32
21
58
35
42
5
43
24
45
17
45
14
48
48
23
36
49
58
44
36
26
38
43
36
38
30
42
53
38
43
35
58
34
24
25
22
23
31
27
42
24
4
39
13
56
54
24
38
30
45
22
50
16
27
5
21
37
22
5
37
26
39
27
33
34
18
32
44
26
48
26
39
45
17
28
18
49
21
41
21
43
34
39
33
28
35
39
26
51
62
14
52
29
9
23
57
44
38
32
30
36
35
31
18
42
49
34
48
31
62
22
42
32
34
23
33
22
45
47
48
35
51
51
36
49
24
44
31
26
31
32
25
39
8
20
18
62
34
34
30
45
21
45
34
44
19
30
35
42
16
50
64
47
41
30
48
23
42
11
61
34
44
20
50
59
33
13
17
52
26
45
53
53
37
47
34
52
45
51
56
36
32
14
26
12
31
25
55
46
20
23
31
12
37
30
29
33
24
42
47
43
17
48
52
21
25
48
44
45
43
24
47
48
54
33
30
17
35
15
43
41
42
37
47
37
22
59
32
27
40
38
33
43
16
18
29
33
20
34
34
18
29
26
22
37
48
25
21
32
12
24
47
16
44
36
20
23
49
68
20
36
35
42
21
37
21
12
41
0
27
16
55
11
11
50
39
12
12
24
43
28
23
46
19
39
54
36
58
61
38
33
38
37
12
42
41
24
42
32
21
43
26
9
31
24
29
47
50
44
33
32
32
30
33
46
36
47
45
43
14
38
23
49
38
49
29
37
66
32
41
34
59
36
16
7
40
17
25
56
53
36
39
24
9
47
20
62
44
53
59
46
28
25
46
40
39
35
36
43
47
31
34
33
29
48
44
14
36
44
39
43
12
33
37
18
49
13
19
38
45
17
52
22
28
19
24
19
44
27
34
39
36
34
14
26
38
26
41
18
41
26
36
38
34
11
22
47
38
22
24
58
41
37
47
51
36
26
29
57
23
39
12
53
39
11
35
60
25
54
15
47
51
46
19
34
39
22
44
44
32
39
43
26
52
40
34
58
18
42
43
34
44
19
44
43
29
10
45
32
40
34
12
26
32
40
32
22
43
23
49
51
31
47
28
38
25
45
21
44
49
3
28
51
31
30
39
44
30
37
36
19
29
34
42
18
39
37
39
19
46
43
46
49
16
39
43
31
44
34
28
26
66
19
2
27
39
61
32
42
51
14
39
45
23
26
37
39
32
10
25
44
49
48
33
14
42
22
40
20
