30
40
33
18
39
28
5
21
51
14
24
23
29
20
39
34
32
22
12
39
21
65
18
29
20
34
35
27
22
43
26
20
42
21
22
46
1
34
44
26
29
37
10
45
24
33
24
41
27
28
15
50
17
31
42
29
28
48
51
27
12
34
31
55
36
13
52
32
26
23
47
31
28
18
68
33
41
31
48
48
34
37
24
20
31
33
30
6
15
29
38
51
22
41
21
16
36
36
42
19
40
47
47
25
59
32
25
47
31
56
22
42
40
22
19
33
2
28
28
27
31
4
34
5
31
32
21
38
9
34
44
1
29
34
45
39
39
38
36
40
48
22
29
39
36
23
49
19
52
36
29
41
33
34
34
29
44
40
33
31
47
49
48
51
41
23
42
39
25
26
36
32
54
38
50
16
19
31
21
14
20
54
50
14
41
38
22
42
12
41
17
26
38
35
38
44
19
21
42
31
16
32
6
6
28
26
12
52
59
23
10
17
21
27
26
36
17
42
51
34
42
23
45
39
25
24
28
30
27
14
22
49
8
17
39
31
26
35
63
47
45
33
33
33
48
13
47
57
34
46
45
30
20
19
49
50
42
21
18
40
26
5
50
32
36
36
44
37
13
26
36
30
25
38
27
55
19
31
29
19
24
33
25
40
31
23
43
39
7
22
42
17
21
17
32
21
34
18
40
24
41
46
26
43
27
45
20
20
7
40
25
17
40
16
53
19
29
55
39
28
44
42
9
31
41
34
51
28
35
23
26
40
39
47
41
37
39
38
44
29
24
33
35
45
59
36
31
25
16
47
19
28
20
32
2
38
44
30
21
23
40
46
27
19
33
21
44
30
48
18
38
30
24
39
47
53
32
25
28
37
29
64
36
24
25
46
20
10
19
52
26
31
62
38
9
49
63
12
20
20
30
3
33
32
29
30
52
37
33
21
52
9
19
26
42
41
36
19
36
40
32
39
3
21
14
13
22
29
41
11
65
34
52
47
58
34
34
43
36
17
12
20
52
45
23
31
30
39
24
28
31
33
38
17
28
23
11
27
53
27
55
28
31
33
25
43
41
11
29
35
30
22
26
45
21
30
52
28
27
29
57
32
46
28
32
32
40
37
30
35
33
41
23
47
29
5
32
30
28
50
33
19
6
35
15
18
45
29
34
32
26
32
27
20
39
17
47
38
17
24
14
47
19
33
29
38
52
47
43
41
25
37
21
29
24
26
21
25
27
35
29
33
33
23
13
52
15
33
14
30
40
32
51
23
37
47
8
13
44
47
17
37
12
18
43
16
33
44
24
20
35
22
16
54
46
33
33
13
26
73
26
26
51
23
14
22
17
37
41
13
57
39
43
49
29
29
46
39
51
6
9
15
24
33
28
41
22
43
23
30
14
55
14
27
28
7
48
67
43
13
61
15
34
67
34
30
45
23
26
25
36
25
1
35
45
32
18
60
43
35
26
39
41
41
51
53
35
31
12
42
38
29
30
36
13
24
58
48
48
59
1
17
36
47
37
42
32
39
42
50
19
7
26
40
32
24
27
42
8
66
48
43
29
32
30
17
38
59
48
23
41
51
30
36
7
62
36
54
3
52
30
35
18
48
46
26
30
27
37
31
38
36
40
60
39
27
16
34
41
44
43
37
25
16
46
34
46
36
38
49
43
20
17
33
41
29
48
16
54
28
49
2
44
33
54
24
50
43
25
50
36
30
38
40
49
50
57
23
44
12
24
58
32
31
4
6
25
40
9
12
26
37
22
31
17
59
30
51
63
33
26
33
21
37
47
32
46
66
26
29
32
23
46
56
49
31
29
36
23
45
48
61
27
58
19
23
20
22
23
34
17
24
55
25
28
12
62
11
29
29
38
5
23
40
31
41
21
5
22
58
33
46
44
20
4
33
59
4
47
16
35
58
26
30
41
35
55
31
25
28
55
51
46
52
34
13
23
40
22
22
16
27
49
17
13
40
71
39
29
13
17
19
16
14
25
37
34
20
19
20
35
44
26
35
12
11
32
26
38
29
31
41
35
31
27
24
40
19
18
50
14
19
7
44
25
36
49
33
37
47
40
40
31
29
15
33
34
38
22
31
34
32
35
26
33
43
32
61
44
22
24
38
37
23
23
45
32
19
56
46
39
33
20
37
32
52
36
44
30
26
38
27
34
25
27
38
34
23
3
32
7
38
52
23
20
27
37
41
19
58
32
8
24
26
40
27
33
39
15
35
11
16
28
39
53
60
38
28
38
29
29
46
15
34
41
8
30
48
37
32
