37
28
39
45
27
35
35
68
23
19
30
20
21
21
12
7
51
60
34
15
50
35
40
61
38
19
40
24
23
43
21
22
55
26
67
42
52
82
25
26
30
39
52
48
52
42
9
33
51
33
30
26
25
26
27
24
21
53
9
37
45
37
11
11
39
20
35
46
30
40
36
22
32
30
34
18
23
30
11
22
29
40
21
33
47
39
46
29
33
35
2
28
9
40
31
23
17
41
34
33
30
23
27
51
33
39
16
48
28
41
46
45
30
9
17
17
24
36
37
39
27
29
24
25
27
10
59
20
25
23
8
59
34
48
22
13
7
44
32
31
26
39
37
2
21
45
36
31
18
33
56
34
24
28
38
33
17
43
29
17
36
38
52
21
35
38
41
20
21
31
18
34
20
48
39
34
42
31
33
47
23
51
7
22
15
17
24
29
30
16
18
26
25
22
38
28
22
20
29
13
25
41
47
49
16
27
27
22
42
40
29
24
32
44
33
7
45
26
40
41
10
38
53
5
23
48
34
24
25
36
4
37
33
23
23
46
56
50
18
44
17
28
35
47
35
1
25
40
21
16
12
41
45
23
42
47
27
49
23
38
27
43
31
29
34
34
13
49
35
39
10
20
27
9
43
20
41
30
22
31
45
40
20
53
16
27
22
33
48
26
49
37
38
15
29
31
30
33
16
35
31
20
55
16
40
22
33
40
24
37
13
6
48
36
36
42
24
29
9
32
34
24
42
38
35
32
19
50
30
29
31
14
32
44
41
22
33
29
16
38
33
23
48
34
27
31
24
36
29
24
35
41
26
36
44
29
27
23
44
44
31
12
43
37
23
2
50
26
32
33
24
33
23
25
27
20
40
16
56
39
23
22
32
18
38
21
39
21
28
22
56
26
22
36
34
48
38
45
30
34
12
15
21
32
35
29
16
33
24
30
22
31
26
42
28
36
57
30
34
8
35
11
11
31
21
36
33
34
33
35
29
29
43
52
23
39
17
28
31
38
36
34
19
25
19
30
43
13
41
21
32
21
26
60
32
42
48
23
32
31
36
29
58
28
26
14
24
33
22
35
20
33
47
16
26
65
28
36
21
25
37
54
28
18
27
33
6
33
36
26
13
38
46
47
32
21
18
27
29
44
9
28
28
30
39
59
18
25
18
32
58
45
32
50
29
27
19
42
34
22
39
24
18
30
31
29
41
20
10
27
43
26
43
25
38
16
21
65
42
20
35
30
34
41
27
48
53
35
39
13
30
24
35
37
37
59
24
26
25
26
22
4
35
41
34
4
22
24
40
28
50
37
54
34
47
22
25
24
34
29
27
20
27
49
51
37
20
51
24
44
48
52
32
32
19
19
49
27
19
44
17
46
39
36
21
25
22
34
38
17
43
19
32
35
23
26
36
67
38
40
40
35
21
18
14
16
36
7
18
26
1
18
31
20
38
36
13
45
41
40
37
23
31
39
31
26
46
19
25
11
12
39
41
50
23
22
15
39
34
56
30
45
41
26
30
26
10
32
36
11
5
37
29
34
32
9
13
69
47
32
51
33
26
23
36
24
19
44
17
50
35
48
17
40
15
31
31
40
75
32
21
32
54
28
33
47
38
34
31
23
18
45
29
52
49
47
26
30
31
19
19
26
30
31
26
20
38
24
35
15
28
21
58
19
10
37
28
35
35
29
30
12
28
45
32
28
21
40
56
37
40
21
54
35
28
21
32
30
21
35
22
40
45
52
45
9
14
27
45
25
23
47
29
29
37
58
26
29
27
22
17
13
34
25
17
34
43
22
54
29
15
17
23
29
38
17
31
52
30
36
41
23
24
31
54
47
33
43
42
26
30
33
26
21
26
38
57
34
20
47
26
20
29
6
47
32
26
37
28
22
47
31
35
56
17
15
22
16
30
7
42
27
29
32
16
29
20
44
42
47
24
43
35
36
49
40
44
29
44
17
21
54
30
48
32
28
27
54
38
9
16
14
5
50
41
45
21
29
41
16
47
13
27
45
44
31
31
35
41
21
7
17
24
2
24
38
42
36
19
18
20
22
35
21
52
35
27
29
28
32
10
29
33
22
22
29
33
49
24
51
32
45
40
21
25
31
48
27
24
26
51
16
18
9
53
23
47
20
21
26
14
23
24
42
34
27
55
16
7
11
30
12
45
15
44
49
31
25
24
36
62
65
37
9
32
24
8
9
7
48
18
41
27
33
20
34
25
33
27
29
34
32
28
2
19
40
40
21
46
20
27
35
24
14
22
51
29
13
18
13
