0.000259
0.000276
0.000267
0.000263
0.000275
0.000268
0.000297
0.000266
0.000284
0.000296
0.000266
0.000273
0.000334
0.000326
0.000282
0.00027
0.000312
0.000294
0.000299
0.000325
0.000289
0.000257
0.000287
0.000296
0.00026
0.000266
0.000252
0.00027
0.000263
0.000279
0.000265
0.000305
0.000258
0.000334
0.000319
0.000268
0.000265
0.000256
0.000257
0.000258
0.000264
0.000259
0.000318
0.000268
0.000268
0.000286
0.000279
0.000266
0.000271
0.000268
0.000265
0.000276
0.000315
0.000268
0.000275
0.000347
0.000335
0.000284
0.000362
0.000346
0.000289
0.000264
0.000323
0.000299
0.000265
0.000257
0.000296
0.000291
0.00027
0.00027
0.000262
0.000249
0.000257
0.000256
0.000253
0.000248
0.000252
0.000248
0.000298
0.000325
0.000258
0.000303
0.000269
0.000262
0.000266
0.000283
0.000272
0.000271
0.000269
0.000271
0.000272
0.000282
0.000285
0.000277
0.000283
0.000255
0.000263
0.000269
0.000254
0.000263
0.00027
0.00026
0.000316
0.000315
0.000301
0.000273
0.000254
0.00026
0.000263
0.000261
0.000297
0.000264
0.000297
0.000283
0.000293
0.000323
0.000252
0.000297
0.000256
0.000291
0.000273
0.000307
0.000309
0.000254
0.000259
0.000273
0.000309
0.000342
0.000293
0.00027
0.000269
0.000274
0.00026
0.000258
0.000273
0.000259
0.000279
0.000268
0.000273
0.000267
0.000275
0.000279
0.000267
0.00027
0.000263
0.000277
0.00027
0.000264
0.00033
0.000277
0.000365
0.000359
0.000267
0.000314
0.000285
0.00028
0.000257
0.000274
0.000289
0.00029
0.000342
0.000268
0.000263
0.000265
0.000264
0.000255
0.000256
0.00026
0.000281
0.00029
0.000339
0.000315
0.000256
0.000256
0.000266
0.000252
0.00026
0.000273
0.000258
0.000261
0.000261
0.000294
0.00027
0.000274
0.000292
0.000315
0.000269
0.000256
0.000256
0.000257
0.000258
0.000257
0.000255
0.000265
0.000254
0.000264
0.000259
0.000266
0.000262
0.000263
0.000315
0.000315
0.000262
0.000259
0.000258
0.000261
0.000263
0.000288
0.00027
0.000328
0.000316
0.000262
0.000259
0.000271
0.00026
0.000257
0.000269
0.000266
0.000267
0.000291
0.000331
0.0003
0.00027
0.000276
0.00027
0.000302
0.000254
0.000265
0.000261
0.000272
0.000307
0.000262
0.000264
0.000266
0.00027
0.000293
0.000276
0.000272
0.000271
0.000282
0.000289
0.00033
0.000322
0.000264
0.000264
0.000262
0.000254
0.000251
0.000257
0.00026
0.000262
0.000257
0.00026
0.000256
0.000259
0.000253
0.000258
0.000262
0.000261
0.00026
0.000256
0.000256
0.000263
0.000258
0.000257
0.000248
0.000279
0.000349
0.000371
0.000273
0.000268
0.000257
0.000279
0.000274
0.000276
0.000257
0.000273
0.000269
0.000255
0.000276
0.000276
0.000271
0.000263
0.000266
0.00027
0.000256
0.000271
0.000272
0.000273
0.000269
0.000335
0.0003
0.000274
0.000266
0.000277
0.000255
0.000255
0.000266
0.000259
0.000251
0.000258
0.000262
0.000256
0.00025
0.000255
0.000249
0.000283
0.000292
0.000254
0.00025
0.000247
0.000276
0.000331
0.000268
0.000286
0.000291
0.000299
0.00026
0.000249
0.000271
0.000251
0.000261
0.000245
0.000265
0.000251
0.000252
0.000252
0.000255
0.000257
0.000253
0.000298
0.000261
0.000249
0.000253
0.000257
0.000276
0.000259
0.000262
0.000258
0.000259
0.000252
0.000245
0.000294
0.000275
0.000262
0.000257
0.000254
0.000255
0.000261
0.000258
0.000257
0.000257
0.000252
0.000255
0.000259
0.000244
0.000279
0.00025
0.000253
0.000254
0.000258
0.000265
0.000254
0.000282
0.000273
0.000263
0.000263
0.00026
0.000248
0.000253
0.000246
0.000255
0.000258
0.000298
0.000283
0.000259
0.000281
0.000295
0.000259
0.000252
0.000251
0.000255
0.00026
0.000263
0.000264
0.000268
0.000265
0.000261
0.000257
0.000264
0.000262
0.000249
0.000259
0.00028
0.000269
0.000309
0.000299
0.000264
0.000256
0.000265
0.000255
0.000273
0.000269
0.000259
0.000258
0.000252
0.00026
0.00026
0.000262
0.000256
0.000272
0.000261
0.000255
0.000252
0.000252
0.000327
0.000277
0.000307
0.000373
0.000376
0.000448
0.000354
0.000269
0.000303
0.000262
0.000361
0.000374
0.00038
0.000268
0.000256
0.000252
0.000259
0.000257
0.000416
0.000295
0.000324
0.000387
0.00037
0.000264
0.000252
0.000289
0.000249
0.000262
0.000249
0.000263
0.000257
0.000249
0.000252
0.000256
0.000275
0.000268
0.000259
0.000265
0.000259
0.000261
0.000248
0.000247
0.000254
0.000259
0.000256
0.000261
0.000249
0.000261
0.000261
0.000255
0.000259
0.00026
0.000254
0.000252
0.000252
0.00025
0.000253
0.000256
0.000256
0.00025
0.000253
0.00028
0.000258
0.000269
0.000249
0.000253
0.000275
0.000259
0.000253
0.000259
0.00025
0.000254
0.000259
0.000265
0.000269
0.000257
0.000265
0.000257
0.000258
0.00026
0.000254
0.000258
0.000255
0.000251
0.000256
0.000249
0.000252
0.000259
0.000263
0.000253
0.000253
0.00026
0.000257
0.000266
0.000291
0.000265
0.000261
0.00026
0.000288
0.000262
0.000259
0.000263
0.000255
0.000254
0.000266
0.000268
0.000265
0.000264
0.00028
0.000266
0.000296
0.000267
0.000262
0.000259
0.000305
0.000266
0.00026
0.000255
0.000261
0.000264
0.000261
0.000257
0.000264
0.000262
0.000254
0.00026
0.000265
0.000263
0.00027
0.00026
0.00028
0.000262
0.000265
0.000274
0.000279
0.000271
0.000264
0.000268
0.000266
0.000266
0.000261
0.00027
0.000268
0.000288
0.000267
0.000264
0.000267
0.000261
0.000263
0.000267
0.000301
0.000268
0.000256
0.000258
0.000262
0.000276
0.000288
0.000271
0.00027
0.000267
0.00028
0.000271
0.000266
0.000265
0.000264
0.000275
0.000271
0.000283
0.000278
0.000284
0.000249
0.000266
0.000258
0.000255
0.000302
0.000264
0.000281
0.000262
0.000269
0.000256
0.00027
0.000274
0.000298
0.000267
0.000259
0.000258
0.000261
0.000258
0.000257
0.000267
0.000258
0.000253
0.000256
0.000263
0.000261
0.00029
0.000268
0.000263
0.000265
0.000258
0.000272
0.000258
0.000248
0.000256
0.000256
0.000257
0.000269
0.000258
0.000258
0.000257
0.000255
0.000251
0.000259
0.000259
0.000259
0.000275
0.000271
0.000268
0.00028
0.00027
0.000291
0.000262
0.000257
0.000256
0.000252
0.000271
0.000268
0.00026
0.000262
0.000299
0.000253
0.000263
0.000257
0.000256
0.000254
0.000253
0.000249
0.000253
0.000253
0.000264
0.000256
0.000259
0.00025
0.000261
0.000253
0.000255
0.00026
0.00025
0.000253
0.000252
0.00025
0.000252
0.000247
0.000255
0.000249
0.000267
0.000253
0.000253
0.000257
0.000281
0.000268
0.000257
0.000346
0.000263
0.000261
0.0003
0.000261
0.000248
0.000246
0.000256
0.000258
0.000263
0.000259
0.000298
0.000334
0.000265
0.000279
0.000257
0.000258
0.000261
0.000259
0.000266
0.000262
0.000261
0.00026
0.000272
0.00026
0.000265
0.000261
0.000256
0.000254
0.000261
0.000259
0.000266
0.000294
0.000266
0.000257
0.000262
0.000267
0.000271
0.000271
0.00031
0.000365
0.000306
0.000262
0.000255
0.00026
0.00026
0.000266
0.000266
0.000252
0.000274
0.000258
0.00027
0.000264
0.000258
0.000256
0.000259
0.000258
0.000257
0.000279
0.000282
0.000272
0.000278
0.000266
0.000266
0.000273
0.000299
0.000322
0.000299
0.000257
0.000265
0.000256
0.000258
0.000258
0.00027
0.000269
0.000294
0.000256
0.000261
0.00026
0.000266
0.00026
0.000258
0.000256
0.000294
0.000267
0.000259
0.000258
0.000257
0.000255
0.000259
0.000255
0.000249
0.000255
0.000338
0.000362
0.000257
0.000251
0.00025
0.000264
0.000257
0.000258
0.000266
0.000255
0.000259
0.000258
0.000273
0.000265
0.000266
0.000271
0.000263
0.000268
0.000264
0.000253
0.000302
0.000261
0.000253
0.000253
0.000262
0.000257
0.000262
0.000287
0.000277
0.000258
0.000261
0.000256
0.000257
0.000253
0.000258
0.000254
0.000256
0.00026
0.00027
0.000262
0.000262
0.000262
0.000257
0.000293
0.000266
0.000261
0.000269
0.000259
0.000273
0.000279
0.00027
0.000275
0.00028
0.00026
0.000256
0.000289
0.000315
0.00029
0.000256
0.000252
0.000278
0.000256
0.000257
0.000258
0.000299
0.000254
0.000256
0.000252
0.000264
0.000245
0.000257
0.000255
0.000252
0.000258
0.000254
0.000256
0.000255
0.000255
0.000276
0.000285
0.000277
0.000272
0.000313
0.000331
0.000264
0.000271
0.000295
0.000333
0.00026
0.000257
0.000281
0.000291
0.000269
0.000272
0.000279
0.000276
0.000261
0.000259
0.000262
0.000262
0.000264
0.000266
0.000257
0.000261
0.00026
0.000257
0.000273
0.00034
0.000306
0.000271
0.000269
0.000271
0.000266
0.000286
0.000272
0.000254
0.000301
0.000256
0.000257
0.000259
0.000267
0.000266
0.000302
0.00026
0.00026
0.000265
0.000262
0.0003
0.00026
0.000262
0.000261
0.000407
0.000314
0.000301
0.000273
0.000256
0.000261
0.000275
0.000284
0.000264
0.00027
0.00027
0.000259
0.00026
0.000254
0.000261
0.000257
0.000264
0.000257
0.000258
0.000263
0.000277
0.000269
0.000276
0.000333
0.000328
0.000299
0.00027
0.000268
0.000299
0.000269
0.000258
0.00028
0.000265
0.000276
0.000273
0.000255
0.000267
0.00026
0.00027
0.000297
0.000271
0.000264
0.000259
0.000255
0.000341
0.000351
0.000262
0.000276
0.000256
0.00026
0.000299
0.00027
0.000261
0.000255
0.000273
0.000259
0.000262
0.000277
0.000267
0.000259
0.000261
0.000297
0.000258
0.000257
0.00026
0.00029
0.000278
0.000274
0.000279
0.000292
0.000275
0.000298
0.000253
0.000257
0.000252
0.00025
0.000256
0.000256
0.000248
0.000252
0.000258
0.000252
0.000254
0.000266
0.000255
0.000247
0.000278
0.000372
0.000278
0.000266
0.000265
0.00028
0.000265
0.000261
0.000266
0.000259
0.000267
0.000257
0.000256
