0.000325
0.000345
0.000328
0.000321
0.00032
0.000316
0.000335
0.000334
0.000344
0.000335
0.000316
0.000321
0.000337
0.000315
0.000309
0.000309
0.000341
0.00032
0.000326
0.000318
0.000312
0.000313
0.000317
0.00032
0.000393
0.000336
0.000314
0.000317
0.000336
0.000328
0.000374
0.000332
0.000315
0.000328
0.000321
0.00032
0.000318
0.00032
0.000362
0.000318
0.000317
0.000341
0.000331
0.000319
0.000353
0.000344
0.000417
0.000362
0.000323
0.000335
0.000325
0.000428
0.000343
0.000334
0.000328
0.000349
0.000321
0.000352
0.000343
0.000326
0.000319
0.00031
0.000338
0.000333
0.000358
0.000329
0.000321
0.000324
0.000336
0.000351
0.000339
0.000332
0.000348
0.000329
0.000332
0.000318
0.000328
0.000317
0.000326
0.000318
0.000319
0.00034
0.000322
0.000335
0.000339
0.000359
0.000338
0.000327
0.000337
0.000332
0.000329
0.000328
0.000342
0.000351
0.000377
0.000361
0.000325
0.000373
0.000353
0.000331
0.000338
0.000319
0.000328
0.000327
0.000324
0.000325
0.000328
0.000322
0.000333
0.000352
0.000328
0.000327
0.000332
0.000325
0.000341
0.00034
0.000337
0.000409
0.000337
0.000337
0.000351
0.000334
0.00034
0.000346
0.000367
0.000409
0.00033
0.000328
0.000323
0.000332
0.000325
0.000339
0.000336
0.000331
0.000335
0.00033
0.000319
0.000318
0.000322
0.000386
0.000331
0.000375
0.000383
0.000336
0.000322
0.000349
0.000345
0.000323
0.000346
0.000348
0.00035
0.000327
0.000327
0.000336
0.000324
0.000353
0.000362
0.000339
0.000333
0.000334
0.000336
0.000334
0.000325
0.000331
0.000332
0.000341
0.000332
0.000332
0.000329
0.000338
0.000341
0.000386
0.000349
0.000346
0.00035
0.000372
0.000331
0.000351
0.000329
0.000375
0.000336
0.000427
0.000385
0.00031
0.000333
0.000317
0.00031
0.000321
0.000321
0.00031
0.000316
0.000335
0.00031
0.000354
0.000325
0.000349
0.000378
0.000361
0.000373
0.000362
0.00032
0.000318
0.000309
0.000307
0.000335
0.000314
0.000309
0.000313
0.000315
0.000315
0.000324
0.000306
0.000346
0.000322
0.000327
0.000323
0.000392
0.000362
0.000363
0.000344
0.000364
0.000324
0.000329
0.000332
0.00031
0.000328
0.000309
0.000364
0.000345
0.000353
0.000331
0.000328
0.000311
0.000328
0.000319
0.000324
0.000394
0.000369
0.000338
0.000343
0.000334
0.000349
0.000325
0.000335
0.000334
0.000334
0.000322
0.000337
0.000324
0.000322
0.000344
0.000334
0.000377
0.000352
0.000384
0.000336
0.000339
0.000329
0.000338
0.000343
0.000327
0.000319
0.000378
0.000326
0.000399
0.000362
0.000333
0.00034
0.000319
0.000378
0.000346
0.000362
0.000315
0.000317
0.000329
0.000335
0.000324
0.000418
0.000324
0.000326
0.000334
0.000396
0.000354
0.00034
0.000343
0.000338
0.000382
0.00035
0.000365
0.000335
0.000321
0.000345
0.000318
0.00036
0.000322
0.000316
0.000316
0.000318
0.000308
0.000308
0.000335
0.000331
0.000318
0.000313
0.000339
0.000336
0.000327
0.000305
0.00032
0.000329
0.00031
0.00034
0.000318
0.000313
0.000314
0.000307
0.000327
0.000369
0.000335
0.000315
0.000311
0.000312
0.000314
0.000302
0.000303
0.000314
0.000304
0.000311
0.000302
0.000309
0.000302
0.000308
0.000314
0.000311
0.000312
0.000355
0.00034
0.000327
0.000327
0.000313
0.000328
0.000332
0.000341
0.000334
0.000321
0.000311
0.000311
0.000311
0.000315
0.00031
0.000328
0.000355
0.000323
0.000334
0.000361
0.000344
0.000325
0.000329
0.0003
0.000313
0.00032
0.000304
0.00031
0.000314
0.000303
0.000321
0.000328
0.000313
0.000312
0.000307
0.000312
0.00031
0.000324
0.000315
0.000313
0.000294
0.000307
0.000302
0.000305
0.000335
0.000362
0.000321
0.000322
0.000313
0.000319
0.000327
0.000319
0.000305
0.000376
0.00045
0.000333
0.000311
0.000343
0.000361
0.00033
0.000348
0.000315
0.000369
0.000313
0.000304
0.000298
0.000302
0.000306
0.000329
0.000311
0.000317
0.000315
0.000348
0.000333
0.000325
0.000336
0.000315
0.00031
0.000306
0.000316
0.000338
0.00032
0.000315
0.000312
0.000323
0.00031
0.000316
0.000318
0.000309
0.000307
0.000304
0.00033
0.000356
0.000305
0.00031
0.000307
0.000309
0.000303
0.000309
0.000302
0.000308
0.000309
0.000321
0.000324
0.000325
0.000334
0.000315
0.000313
0.00031
0.000326
0.0003
0.000311
0.000307
0.000312
0.000314
0.000312
0.000303
0.000308
0.000327
0.000291
0.000289
0.000301
0.000317
0.000294
0.000383
0.000309
0.000322
0.000306
0.000351
0.000309
0.000299
0.000302
0.000309
0.000321
0.000317
0.0003
0.000321
0.000304
0.000307
0.000309
0.000316
0.000308
0.000301
0.000305
0.000308
0.000306
0.000306
0.000304
0.00034
0.000357
0.000339
0.000331
0.000327
0.000367
0.000333
0.000359
0.000326
0.000334
0.000433
0.0003
0.000306
0.000308
0.000295
0.000303
0.000295
0.000311
0.000294
0.000307
0.000292
0.000297
0.000294
0.000302
0.000291
0.000331
0.000299
0.00034
0.000305
0.000305
0.000301
0.000305
0.00035
0.000301
0.000295
0.000301
0.000312
0.000306
0.000298
0.000318
0.000299
0.000292
0.000302
0.000357
0.000309
0.000313
0.000295
0.000296
0.000318
0.000303
0.000292
0.000314
0.000353
0.000302
0.000314
0.000298
0.000292
0.000282
0.00029
0.000294
0.000284
0.000299
0.000301
0.000285
0.000364
0.000306
0.000304
0.000307
0.000292
0.000313
0.000324
0.000291
0.000327
0.00031
0.000311
0.000299
0.000331
0.000304
0.000291
0.000345
0.000301
0.000308
0.000297
0.000302
0.000296
0.000299
0.000307
0.000307
0.000308
0.000297
0.000293
0.000305
0.000296
0.0003
0.000294
0.000292
0.000288
0.000295
0.000312
0.000313
0.000307
0.000296
0.000328
0.00031
0.000301
0.000303
0.000296
0.000299
0.000298
0.000311
0.000306
0.000311
0.000299
0.000302
0.000332
0.000356
0.000315
0.000311
0.000308
0.000317
0.000309
0.000305
0.000309
0.000332
0.000327
0.000308
0.000311
0.000306
0.000313
0.000335
0.000333
0.000322
0.000408
0.000321
0.000364
0.000335
0.000337
0.000336
0.000322
0.000322
0.000316
0.000309
0.000306
0.000318
0.000314
0.000319
0.000328
0.000327
0.000333
0.000325
0.000372
0.000327
0.000326
0.000366
0.000326
0.00032
0.000325
0.00034
0.000313
0.000316
0.000311
0.000338
0.000322
0.00032
0.000331
0.00031
0.000311
0.000318
0.000316
0.00035
0.000332
0.000314
0.000304
0.000308
0.000306
0.000306
0.000314
0.000304
0.000309
0.000333
0.000325
0.000324
0.00031
0.000313
0.000307
0.000312
0.000315
0.000308
0.000314
0.000308
0.000325
0.000339
0.00032
0.000315
0.000314
0.000314
0.000312
0.000311
0.000301
0.00035
0.00032
0.000311
0.000315
0.000324
0.000307
0.00032
0.000305
0.000317
0.000309
0.000321
0.000309
0.000322
0.000307
0.000321
0.000326
0.000313
0.000315
0.00031
0.000305
0.000311
0.000304
0.000308
0.000319
0.000327
0.000326
0.000305
0.00031
0.000332
0.000351
0.00032
0.000315
0.000322
0.000326
0.000312
0.000311
0.000314
0.000322
0.00032
0.000309
0.000318
0.000406
0.000319
0.000306
0.000311
0.000308
0.000309
0.000318
0.000314
0.00031
0.00032
0.000325
0.000339
0.00032
0.000329
0.000319
0.000317
0.000315
0.000316
0.000361
0.000313
0.000311
0.00031
0.000346
0.000305
0.000351
0.00031
0.000321
0.000313
0.000328
0.000322
0.00032
0.000304
0.000318
0.000313
0.000311
0.000316
0.00036
0.000357
0.000324
0.000321
0.000326
0.000333
0.000322
0.000322
0.000321
0.000329
0.000329
0.00034
0.000335
0.000317
0.000317
0.000323
0.000318
0.000313
0.000323
0.000342
0.000335
0.000342
0.000323
0.000322
0.000332
0.000319
0.000331
0.000364
0.00037
0.000351
0.000348
0.000364
0.000337
0.000333
0.00033
0.000334
0.000382
0.000368
0.000332
0.00036
0.000338
0.000328
0.000321
0.000327
0.000325
0.000326
0.000317
0.000322
0.000328
0.000327
0.000346
0.000325
0.000324
0.000359
0.000326
0.000329
0.000357
0.000325
0.000338
0.000355
0.00033
0.000358
0.000362
0.000322
0.000321
0.000325
0.000341
0.000327
0.000314
0.000327
0.000319
0.000334
0.00032
0.000326
0.000312
0.000332
0.00033
0.000317
0.000328
0.000323
0.000312
0.000316
0.000374
0.000323
0.00032
0.000322
0.000312
0.000315
0.000319
0.000319
0.000324
0.000331
0.00034
0.00038
0.000336
0.000355
0.000349
0.000349
0.00033
0.000318
0.000334
0.000333
0.000357
0.00036
0.000327
0.000313
0.000313
0.000323
0.000326
0.000355
0.000315
0.000323
0.000337
0.000312
0.000312
0.000335
0.00031
0.000309
0.000328
0.000314
0.00031
0.00031
0.000318
0.000312
0.000337
0.000323
0.000323
0.00032
0.000314
0.000335
0.000315
0.000315
0.000308
0.000306
0.0003
0.000303
0.000298
0.00031
0.000314
0.000322
0.000312
0.000309
0.000302
0.000301
0.000307
0.000316
0.000365
0.000304
0.000314
0.000313
0.000315
0.000333
0.000332
0.000322
0.000337
0.000326
0.000315
0.000322
0.000314
0.000329
0.00031
0.000299
0.000348
0.000299
0.000309
0.000295
0.000292
0.000288
0.000302
0.000302
0.000311
0.000323
0.000335
0.000318
0.000321
0.000307
0.000303
0.000304
0.0003
0.000305
0.000302
0.00033
0.000302
0.000308
0.000334
0.00037
0.00031
0.000308
0.000305
0.000305
0.000304
0.000366
0.000301
0.000321
0.000308
0.00031
0.000341
0.000362
0.000305
0.000305
0.000354
0.000351
0.00033
0.000344
0.000368
0.00038
0.000309
0.000314
0.000344
0.000307
0.000309
0.00033
0.000336
0.000331
0.000327
0.000301
0.000288
0.000292
0.000323
0.000343
0.000316
0.000291
0.000306
0.000304
0.000305
0.000314
0.000292
0.000301
0.000297
0.000299
0.000379
0.000352
0.000458
0.000356
0.000328
0.000316
0.000401
0.000309
0.000316
0.000331
0.0003
