0.00029
0.00029
0.000304
0.000349
0.000298
0.000296
0.000299
0.000294
0.000318
0.000318
0.000354
0.0003
0.000292
0.0003
0.000296
0.000314
0.000327
0.000302
0.000307
0.000293
0.000295
0.000305
0.000346
0.000302
0.000294
0.000305
0.000299
0.000299
0.00032
0.000288
0.000299
0.000318
0.000304
0.00032
0.000302
0.0003
0.000302
0.000296
0.000299
0.000305
0.000307
0.000304
0.000299
0.000293
0.000301
0.000303
0.000295
0.000298
0.000302
0.000297
0.000292
0.000304
0.000353
0.000299
0.000328
0.000316
0.000358
0.000318
0.000308
0.000311
0.000316
0.000309
0.000306
0.000304
0.000302
0.000304
0.000335
0.000315
0.000311
0.000312
0.000305
0.000328
0.000314
0.000311
0.000314
0.000315
0.000318
0.000344
0.000312
0.000313
0.000318
0.000315
0.000313
0.000306
0.00031
0.000316
0.000383
0.000317
0.000324
0.000303
0.000314
0.000315
0.000307
0.000306
0.000305
0.000301
0.00032
0.000314
0.000313
0.000351
0.000312
0.000315
0.000302
0.000321
0.000301
0.000312
0.000306
0.000312
0.000314
0.000312
0.000316
0.000306
0.000305
0.00031
0.000306
0.000303
0.000315
0.000307
0.000305
0.000345
0.000313
0.00032
0.000322
0.000315
0.000313
0.000315
0.000313
0.000321
0.000344
0.000316
0.000315
0.000322
0.000302
0.00031
0.000302
0.000331
0.000309
0.000314
0.000307
0.000304
0.000307
0.0003
0.000308
0.000308
0.000317
0.000304
0.000311
0.00031
0.000302
0.000301
0.000312
0.000302
0.000304
0.000313
0.000303
0.000319
0.000337
0.000324
0.000348
0.000312
0.000317
0.000334
0.000301
0.000305
0.000308
0.000319
0.000302
0.00031
0.000361
0.000308
0.000313
0.000327
0.000306
0.000301
0.000341
0.000324
0.000355
0.00032
0.000321
0.000337
0.000344
0.000337
0.000318
0.000304
0.000313
0.000319
0.000311
0.0003
0.000311
0.000313
0.000302
0.000307
0.000309
0.000308
0.000317
0.000319
0.000326
0.000308
0.000325
0.000323
0.000312
0.000301
0.000312
0.000306
0.000341
0.000329
0.000327
0.000317
0.000302
0.000308
0.000297
0.000306
0.000319
0.000299
0.000315
0.000317
0.000293
0.000343
0.000296
0.000301
0.000299
0.000305
0.000297
0.000294
0.000292
0.000343
0.000323
0.000312
0.000319
0.00031
0.000313
0.000312
0.000303
0.000306
0.000308
0.000322
0.000304
0.00034
0.000369
0.000338
0.000308
0.000305
0.000313
0.000311
0.00031
0.00031
0.000327
0.000318
0.000303
0.000317
0.000315
0.000318
0.000301
0.000293
0.000307
0.000291
0.000299
0.000301
0.000293
0.000289
0.000299
0.000293
0.000298
0.000298
0.000302
0.000289
0.00035
0.000308
0.000303
0.00029
0.000295
0.000298
0.000303
0.000302
0.000317
0.000315
0.000315
0.000305
0.000305
0.0003
0.000293
0.000309
0.000309
0.000306
0.00034
0.000311
0.000317
0.000287
0.00029
0.000289
0.000289
0.00029
0.000288
0.000299
0.000328
0.000304
0.000297
0.000295
0.000337
0.000303
0.000286
0.000287
0.00029
0.000286
0.000286
0.000297
0.000286
0.000281
0.000286
0.000285
0.000293
0.000293
0.000284
0.000292
0.000287
0.000292
0.000296
0.00029
0.00029
0.000293
0.000285
0.000285
0.000292
0.000361
0.000295
0.000308
0.000461
0.000444
0.000315
0.000302
0.000306
0.000298
0.000305
0.000308
0.000293
0.000297
0.000301
0.000295
0.000299
0.000289
0.000339
0.000313
0.0003
0.000286
0.000299
0.000294
0.000319
0.000302
0.000327
0.000309
0.00031
0.000294
0.000348
0.000316
0.0003
0.000293
0.000301
0.000439
0.000316
0.000363
0.000292
0.000298
0.000425
0.000302
0.000403
0.000295
0.000303
0.000289
0.000278
0.000271
0.000275
0.000294
0.000277
0.000308
0.000304
0.000319
0.00029
0.000291
0.000288
0.000281
0.000291
0.00029
0.000287
0.000283
0.000286
0.000287
0.000313
0.000272
0.000305
0.000305
0.00029
0.000288
0.000289
0.000285
0.000291
0.000299
0.000295
0.000336
0.000317
0.000317
0.000291
0.00029
0.000285
0.000299
0.00029
0.000301
0.000284
0.00028
0.000273
0.000282
0.000309
0.000284
0.00028
0.000291
0.000279
0.000277
0.000273
0.000298
0.000302
0.000291
0.0003
0.000291
0.000273
0.000288
0.000284
0.000276
0.000281
0.000276
0.000277
0.000284
0.000276
0.000285
0.000277
0.00027
0.000272
0.000278
0.000278
0.000275
0.000292
0.000284
0.000286
0.000287
0.00028
0.000308
0.000275
0.000283
0.000297
0.000286
0.000281
0.000465
0.000301
0.000475
0.000311
0.000293
0.000285
0.000292
0.000289
0.0003
0.000289
0.000288
0.000298
0.000284
0.000464
0.000417
0.00034
0.000304
0.000298
0.00041
0.000296
0.000306
0.000294
0.000299
0.000295
0.000322
0.000305
0.0003
0.000302
0.000307
0.000299
0.000299
0.000329
0.000304
0.000299
0.000306
0.0003
0.000291
0.000295
0.000292
0.000295
0.000296
0.000296
0.000294
0.000345
0.000312
0.000321
0.000303
0.000296
0.000305
0.000296
0.000286
0.000306
0.000291
0.000316
0.000325
0.000299
0.000303
0.000302
0.000331
0.000311
0.000293
0.000301
0.000296
0.000306
0.000293
0.000289
0.000285
0.00029
0.000281
0.000286
0.000284
0.000309
0.000282
0.000318
0.000321
0.000277
0.000315
0.0003
0.000298
0.000293
0.000301
0.000334
0.000305
0.000305
0.000304
0.000304
0.00033
0.000313
0.000301
0.00032
0.0003
0.000326
0.000298
0.000288
0.000293
0.000317
0.000281
0.000288
0.00029
0.00028
0.000286
0.000288
0.000316
0.000295
0.000291
0.000313
0.000303
0.000314
0.000306
0.000305
0.000296
0.000295
0.000321
0.000299
0.000303
0.000308
0.000366
0.000316
0.000305
0.000296
0.000301
0.000306
0.000295
0.000302
0.000298
0.000299
0.000293
0.000312
0.000307
0.000326
0.000313
0.000304
0.000324
0.000304
0.000308
0.000311
0.000304
0.000322
0.000311
0.000322
0.000325
0.000313
0.000315
0.000312
0.000319
0.000307
0.000321
0.000312
0.000316
0.000333
0.000322
0.000346
0.000356
0.000316
0.000305
0.000345
0.000324
0.000351
0.000338
0.000321
0.000321
0.000326
0.000325
0.000319
0.000322
0.000311
0.00032
0.000322
0.00031
0.000347
0.000331
0.000315
0.000333
0.000324
0.000319
0.000323
0.000321
0.000321
0.000334
0.000329
0.000323
0.00033
0.000324
0.000332
0.000357
0.000326
0.000325
0.00032
0.000318
0.000317
0.000329
0.000368
0.000321
0.000328
0.000355
0.000337
0.000323
0.000316
0.000319
0.000333
0.000336
0.000325
0.000319
0.00032
0.000313
0.000329
0.000338
0.000324
0.000346
0.000326
0.000335
0.000313
0.000321
0.000323
0.000324
0.000342
0.000335
0.000329
0.00032
0.000318
0.000365
0.000325
0.000334
0.000317
0.000342
0.00033
0.000308
0.000311
0.000331
0.000325
0.00031
0.000312
0.000304
0.000333
0.000313
0.000305
0.000313
0.000305
0.000311
0.000307
0.000353
0.000307
0.000314
0.000336
0.000311
0.000325
0.000309
0.000299
0.000308
0.000299
0.000305
0.000309
0.000348
0.000329
0.000338
0.000306
0.000329
0.000312
0.000308
0.000312
0.000311
0.000312
0.000305
0.000311
0.000305
0.000322
0.000314
0.000315
0.000313
0.000313
0.000314
0.000319
0.000313
0.000323
0.000304
0.000315
0.000336
0.000314
0.000325
0.000344
0.000305
0.000316
0.000352
0.00031
0.000311
0.000357
0.000317
0.000311
0.000336
0.00031
0.000313
0.000306
0.000312
0.000341
0.000312
0.000312
0.000305
0.00033
0.000315
0.000319
0.000323
0.000321
0.000319
0.000317
0.000316
0.000331
0.000359
0.000335
0.000365
0.000327
0.000313
0.000311
0.000313
0.000337
0.000342
0.000321
0.000337
0.000334
0.000326
0.000327
0.00032
0.000309
0.00032
0.000316
0.00031
0.000305
0.000329
0.000332
0.000318
0.000363
0.000308
0.000316
0.00032
0.000335
0.000307
0.000303
0.000295
0.00031
0.000306
0.000299
0.000305
0.000297
0.000302
0.000326
0.0003
0.0003
0.000294
0.000293
0.000298
0.000306
0.000298
0.000329
0.000304
0.000296
0.000315
0.000337
0.000292
0.000306
0.000298
0.000314
0.000311
0.000306
0.000306
0.000299
0.0003
0.000316
0.000302
0.000295
0.000296
0.000292
0.000301
0.000291
0.000303
0.000308
0.000296
0.000289
0.000294
0.000304
0.000298
0.0003
0.000294
0.000292
0.000308
0.000293
0.00029
0.0003
0.000318
0.0003
0.000309
0.000331
0.000314
0.000321
0.000312
0.000339
0.000305
0.000298
0.000307
0.000311
0.000298
0.000302
0.000301
0.000292
0.000334
0.000292
0.000299
0.000292
0.000298
0.0003
0.000303
0.000344
0.000312
0.000308
0.000304
0.000307
0.000295
0.000291
0.000291
0.000298
0.000372
0.000307
0.000302
0.000296
0.000306
0.000314
0.000294
0.000313
0.000302
0.000298
0.000302
0.000309
0.000308
0.000298
0.000301
0.000291
0.000331
0.000328
0.000302
0.000306
0.000296
0.000349
0.000325
0.000303
0.000305
0.000296
0.000296
0.000291
0.000337
0.000308
0.000338
0.00032
0.000305
0.000319
0.000324
0.000304
0.000308
0.000302
0.000308
0.000296
0.000305
0.000303
0.000305
0.000314
0.000304
0.000301
0.000305
0.000313
0.000335
0.000301
0.000289
0.000294
0.000304
0.000302
0.000295
0.000354
0.000299
0.000289
0.0003
0.000302
0.000292
0.000296
0.000292
0.000288
0.000329
0.000291
0.00036
0.000364
0.000359
0.000325
0.000292
0.000316
0.000317
0.000285
0.000285
0.000291
0.000287
0.00028
0.000283
0.000285
0.000274
0.000347
0.000337
0.000343
0.000321
0.000307
0.000302
0.0003
0.000345
0.000305
0.000303
0.000293
0.000294
0.000301
0.000301
0.000304
0.000306
0.000309
0.000304
0.000303
0.000303
0.000292
0.000305
0.000295
0.000304
0.000312
0.000297
0.000372
0.000375
0.000472
0.000315
0.000296
0.000303
0.000288
0.000354
0.000283
0.000311
0.000297
0.000282
0.000293
0.000304
0.000303
0.000298
0.000295
0.000299
0.000301
0.000304
0.000302
0.000282
0.000288
0.000382
0.000335
0.000312
