0.000463
0.000466
0.000497
0.000498
0.000473
0.000474
0.000464
0.000475
0.000471
0.000465
0.000471
0.000467
0.000467
0.000472
0.000482
0.000464
0.000487
0.00046
0.000458
0.000474
0.000501
0.000467
0.000476
0.000468
0.000473
0.00046
0.000461
0.000474
0.000474
0.000459
0.000456
0.000455
0.000464
0.00047
0.000468
0.000466
0.000455
0.000482
0.000472
0.000451
0.000457
0.000449
0.000505
0.000456
0.000464
0.000456
0.000472
0.000471
0.000458
0.000475
0.000483
0.00041
0.000413
0.000398
0.000449
0.00042
0.000392
0.000409
0.000405
0.000425
0.000407
0.000356
0.000352
0.000352
0.000355
0.000385
0.000346
0.000402
0.000355
0.000355
0.00035
0.000353
0.00035
0.000356
0.000352
0.000405
0.00032
0.000306
0.000315
0.000315
0.00031
0.000313
0.000313
0.00031
0.000306
0.000338
0.000315
0.000315
0.000321
0.000319
0.000328
0.000318
0.000316
0.00033
0.000297
0.0003
0.000313
0.000304
0.000306
0.000294
0.000298
0.000297
0.000293
0.000348
0.000304
0.000297
0.000306
0.000303
0.00031
0.000296
0.000322
0.00032
0.000263
0.000272
0.000271
0.000281
0.000305
0.000274
0.000265
0.000275
0.00029
0.000268
0.000275
0.000269
0.000274
0.000274
0.000271
0.000271
0.000269
0.000271
0.00028
0.000283
0.000287
0.000294
0.000278
0.000262
0.000293
0.000273
0.000275
0.00027
0.000264
0.000259
0.000284
0.000272
0.000289
0.000263
0.000265
0.000265
0.000259
0.000262
0.000273
0.000261
0.000266
0.000259
0.000258
0.000258
0.000315
0.000262
0.000275
0.000265
0.000268
0.000261
0.000256
0.000264
0.000271
0.000257
0.000265
0.000273
0.000266
0.000266
0.000274
0.00028
0.00029
0.000269
0.000269
0.000259
0.000275
0.00028
0.000263
0.00026
0.00027
0.000269
0.00027
0.00026
0.000264
0.000268
0.000261
0.00026
0.000274
0.000282
0.000264
0.000262
0.000312
0.00026
0.000259
0.000281
0.000278
0.000266
0.000261
0.000264
0.000263
0.000266
0.000307
0.000265
0.000261
0.000261
0.000272
0.000265
0.000258
0.00026
0.000269
0.000258
0.000257
0.000257
0.000257
0.000266
0.000246
0.000256
0.00026
0.000265
0.000265
0.000261
0.000263
0.000256
0.000258
0.000263
0.000256
0.00026
0.000262
0.000259
0.000264
0.000262
0.000256
0.000273
0.000256
0.000259
0.000264
0.000257
0.000273
0.000256
0.000266
0.00027
0.000256
0.000256
0.00026
0.00026
0.000254
0.000258
0.000258
0.000266
0.000261
0.000257
0.000259
0.000257
0.000259
0.000272
0.000326
0.000281
0.000291
0.000261
0.000257
0.000275
0.000266
0.000267
0.000273
0.000266
0.000264
0.000269
0.000262
0.000274
0.000266
0.000263
0.00026
0.000302
0.000279
0.000294
0.00027
0.000275
0.000276
0.000314
0.000284
0.000287
0.000265
0.000273
0.000267
0.000268
0.00028
0.000269
0.000266
0.000269
0.000279
0.000282
0.000276
0.000308
0.000268
0.000274
0.00026
0.000266
0.000265
0.000266
0.000301
0.000263
0.00028
0.000274
0.000276
0.000278
0.000275
0.00028
0.000275
0.000292
0.000277
0.00028
0.000274
0.000271
0.000276
0.000332
0.000287
0.000277
0.000288
0.000261
0.000266
0.00027
0.000298
0.000268
0.000278
0.000294
0.000277
0.000273
0.000297
0.000308
0.000292
0.000271
0.000267
0.000273
0.000283
0.00028
0.000267
0.000269
0.000277
0.000278
0.000263
0.000272
0.000263
0.000274
0.000267
0.00026
0.00028
0.000272
0.000326
0.000265
0.000276
0.000258
0.000279
0.000261
0.000266
0.000269
0.000348
0.000271
0.000288
0.000271
0.000263
0.000284
0.000318
0.000288
0.000299
0.000278
0.000269
0.000278
0.000275
0.000272
0.000273
0.000284
0.00027
0.000271
0.000283
0.000278
0.000287
0.000281
0.000282
0.00028
0.000281
0.000292
0.000333
0.000281
0.000287
0.000259
0.000266
0.000263
0.000257
0.000281
0.000261
0.000265
0.000269
0.000264
0.000263
0.000263
0.000261
0.000257
0.000265
0.000259
0.000256
0.000294
0.000265
0.000258
0.000257
0.000261
0.000268
0.000263
0.000268
0.000283
0.00026
0.00026
0.000265
0.000259
0.000263
0.000252
0.000261
0.000261
0.000264
0.000269
0.00029
0.000262
0.000266
0.000259
0.000266
0.000346
0.000321
0.000461
0.000324
0.000299
0.000274
0.000263
0.000285
0.000268
0.00026
0.000283
0.0003
0.000263
0.000275
0.000261
0.000273
0.000265
0.000264
0.000258
0.000267
0.00039
0.000282
0.000264
0.000262
0.000376
0.00026
0.000259
0.000262
0.000259
0.000315
0.000449
0.00031
0.000274
0.000296
0.000265
0.000286
0.000292
0.000271
0.000268
0.000302
0.000302
0.000302
0.000287
0.000282
0.000268
0.00027
0.000267
0.000285
0.000329
0.000294
0.000277
0.000264
0.000261
0.000256
0.000272
0.000264
0.000257
0.000281
0.000267
0.000267
0.000258
0.000265
0.000257
0.000262
0.00026
0.000291
0.000259
0.000275
0.000278
0.000262
0.000267
0.000271
0.000267
0.000306
0.000284
0.000277
0.000259
0.000267
0.000268
0.000264
0.000262
0.000254
0.000267
0.000271
0.000259
0.000278
0.000255
0.00025
0.000261
0.000277
0.00026
0.000288
0.000276
0.000281
0.000266
0.00029
0.000257
0.000259
0.000267
0.000264
0.000264
0.000258
0.0003
0.000287
0.000287
0.00031
0.000267
0.000258
0.000284
0.000295
0.00026
0.000288
0.000267
0.000294
0.000272
0.000261
0.00026
0.000263
0.000268
0.000272
0.000257
0.000263
0.000259
0.000261
0.000293
0.000277
0.000274
0.000258
0.000289
0.000263
0.000261
0.000255
0.000266
0.000264
0.00026
0.000273
0.000266
0.000261
0.000269
0.000284
0.000274
0.000266
0.000272
0.000332
0.000334
0.000262
0.0003
0.000367
0.000481
0.000278
0.00031
0.000267
0.000451
0.000381
0.000268
0.000268
0.000268
0.000279
0.000316
0.000281
0.000266
0.000272
0.00026
0.000261
0.000266
0.000271
0.000313
0.000272
0.000281
0.000274
0.000264
0.00031
0.000279
0.00027
0.000267
0.000279
0.000286
0.000264
0.000288
0.000268
0.000274
0.000264
0.000283
0.000264
0.000271
0.000268
0.000289
0.000282
0.000259
0.000286
0.000278
0.000263
0.000266
0.000275
0.000279
0.000265
0.000273
0.000284
0.000265
0.000263
0.000363
0.000275
0.000272
0.000276
0.000266
0.000258
0.000258
0.000262
0.000262
0.000262
0.000267
0.000263
0.000259
0.000255
0.000279
0.000259
0.000261
0.00026
0.000254
0.000264
0.000297
0.00027
0.000275
0.000263
0.000256
0.000287
0.000259
0.000259
0.000261
0.000278
0.000263
0.000261
0.000266
0.000261
0.000265
0.000261
0.000258
0.00026
0.000253
0.000258
0.000261
0.000255
0.000263
0.000261
0.000252
0.000261
0.000254
0.000256
0.000318
0.00027
0.000267
0.000294
0.000258
0.000256
0.000258
0.000256
0.000305
0.000267
0.000262
0.000274
0.000261
0.000264
0.000275
0.000268
0.000273
0.000269
0.000267
0.000269
0.000269
0.000276
0.00027
0.000272
0.000266
0.000289
0.000289
0.000286
0.000272
0.000278
0.000278
0.000275
0.000268
0.000264
0.000266
0.000267
0.000288
0.000255
0.000261
0.000264
0.000254
0.000262
0.000261
0.00029
0.000254
0.000258
0.000258
0.000284
0.000275
0.000293
0.000298
0.00027
0.00027
0.00027
0.000272
0.000276
0.000268
0.000279
0.000266
0.000266
0.000314
0.000283
0.000264
0.000283
0.000266
0.000272
0.000284
0.00027
0.000277
0.000276
0.000271
0.000289
0.000273
0.00028
0.000288
0.000271
0.000267
0.000281
0.00031
0.000264
0.00027
0.000276
0.000269
0.000268
0.000261
0.000274
0.000265
0.000265
0.000282
0.000262
0.000265
0.000265
0.000272
0.000268
0.000267
0.000272
0.00031
0.000273
0.000271
0.000276
0.000289
0.000262
0.000264
0.000266
0.000273
0.000268
0.000265
0.000303
0.000278
0.000275
0.000269
0.00027
0.000331
0.000277
0.000281
0.000269
0.000274
0.000273
0.000263
0.000262
0.00026
0.000272
0.000275
0.000273
0.000295
0.000266
0.00027
0.000275
0.00027
0.000261
0.000271
0.00031
0.000274
0.000272
0.00027
0.000261
0.000267
0.000296
0.000276
0.000276
0.000271
0.000266
0.000271
0.000278
0.00027
0.000278
0.000273
0.000276
0.000274
0.000274
0.000266
0.000275
0.00028
0.00027
0.000268
0.000272
0.000265
0.000268
0.000267
0.000277
0.000274
0.000273
0.000269
0.000266
0.000275
0.000272
0.000264
0.000303
0.00027
0.000265
0.000267
0.000275
0.000276
0.000297
0.000275
0.00028
0.000289
0.000279
0.000281
0.00028
0.000272
0.000295
0.000281
0.000276
0.000272
0.000277
0.000273
0.000279
0.000322
0.000302
0.000351
0.000279
0.000277
0.00028
0.000278
0.000282
0.000333
0.00027
0.000273
0.000268
0.000277
0.00027
0.000265
0.000271
0.000278
0.000271
0.000264
0.000271
0.000272
0.000274
0.000306
0.000263
0.000266
0.000273
0.000267
0.000269
0.000268
0.000277
0.000266
0.000274
0.000271
0.000313
0.000285
0.000286
0.000284
0.000287
0.000316
0.000305
0.000284
0.000296
0.000336
0.000295
0.000292
0.000314
0.000282
0.000282
0.000278
0.000274
0.000282
0.000276
0.000292
0.000293
0.000292
0.000298
0.000289
0.000289
0.00028
0.000289
0.000295
0.000277
0.000355
0.000287
0.000289
0.000309
0.00032
0.000299
0.000311
0.000273
0.000279
0.000285
0.000307
0.000281
0.000293
0.000299
0.000289
0.000359
0.000281
0.000295
0.000287
0.000282
0.000288
0.000305
0.000294
0.000281
0.000282
0.000284
0.000276
0.000286
0.000284
0.000276
0.000284
0.000284
0.000282
0.000307
0.000304
0.000284
0.000286
0.000279
0.00028
0.000278
0.000278
0.000283
0.000302
0.000276
0.000268
0.000269
0.000263
0.000266
0.000278
0.000267
0.000264
0.000265
0.000274
0.000293
0.000312
0.000279
0.000271
0.000279
0.00027
0.000277
0.000284
0.000277
0.000275
0.000273
0.000284
0.000285
0.000287
0.000281
0.000277
0.000284
0.000277
0.000287
0.000281
0.000284
0.000279
0.000278
0.000281
