0.000291
0.000305
0.000346
0.000297
0.000293
0.000301
0.000346
0.000324
0.000302
0.000321
0.000335
0.000454
0.00033
0.000336
0.000288
0.000286
0.000283
0.000288
0.000281
0.000284
0.000285
0.000282
0.000293
0.000285
0.000311
0.000372
0.000314
0.000288
0.000284
0.000283
0.00027
0.000308
0.000259
0.000262
0.000259
0.000253
0.000266
0.000259
0.000262
0.000259
0.000251
0.000256
0.000257
0.000257
0.000254
0.000255
0.000264
0.000258
0.000258
0.000255
0.000248
0.000251
0.000253
0.000252
0.000251
0.000246
0.000289
0.000254
0.000254
0.00025
0.000258
0.00025
0.000246
0.000253
0.000261
0.000267
0.000269
0.000263
0.00029
0.00027
0.000299
0.000261
0.000251
0.000251
0.000267
0.000267
0.000259
0.000251
0.000261
0.000257
0.000252
0.00026
0.000258
0.000261
0.000255
0.000254
0.000254
0.00026
0.000285
0.000263
0.000269
0.000256
0.00026
0.000257
0.000261
0.000264
0.00026
0.000259
0.000251
0.00027
0.000257
0.000258
0.000257
0.000278
0.000268
0.000249
0.000284
0.000255
0.000267
0.000268
0.000258
0.000253
0.000258
0.000259
0.000261
0.000254
0.000277
0.000263
0.00026
0.000262
0.000257
0.00026
0.000259
0.000256
0.000251
0.000252
0.000253
0.000277
0.000259
0.000255
0.000263
0.000253
0.000269
0.000258
0.000251
0.000255
0.000251
0.000262
0.000255
0.000261
0.000255
0.000297
0.000334
0.00026
0.000257
0.000272
0.000279
0.00026
0.000252
0.000257
0.000254
0.000252
0.000252
0.000248
0.000254
0.000261
0.00025
0.000261
0.000262
0.000262
0.000264
0.000262
0.000266
0.000269
0.000264
0.000252
0.000265
0.000266
0.000257
0.000258
0.000256
0.000259
0.000259
0.000257
0.000258
0.000272
0.000259
0.000284
0.000299
0.000249
0.00026
0.000261
0.000261
0.000261
0.000259
0.000256
0.000263
0.000276
0.000263
0.000247
0.000255
0.000255
0.000267
0.000258
0.000262
0.000272
0.000251
0.000268
0.000255
0.000255
0.000249
0.000261
0.000254
0.000262
0.000247
0.000254
0.000249
0.000265
0.000256
0.00029
0.000252
0.000262
0.000244
0.000264
0.000255
0.000254
0.00025
0.000253
0.000254
0.000256
0.000258
0.000255
0.000254
0.000257
0.000257
0.000257
0.000248
0.000264
0.000252
0.000251
0.000252
0.000255
0.000266
0.000258
0.000254
0.000258
0.000247
0.000257
0.00025
0.000247
0.000255
0.000255
0.000261
0.000256
0.000286
0.000253
0.000252
0.000244
0.000257
0.000249
0.000265
0.000255
0.000255
0.000254
0.000259
0.000248
0.000275
0.000268
0.000255
0.000258
0.000254
0.000264
0.000264
0.000301
0.000263
0.000288
0.000274
0.000265
0.000273
0.00027
0.000247
0.000246
0.000264
0.000252
0.000247
0.000255
0.000251
0.000252
0.000254
0.000265
0.000246
0.000242
0.000252
0.000246
0.000252
0.000251
0.000242
0.000248
0.000264
0.000263
0.000289
0.000332
0.000465
0.000487
0.000422
0.000379
0.000354
0.00035
0.000353
0.000342
0.000352
0.000337
0.000341
0.000318
0.000287
0.000298
0.000304
0.000306
0.000298
0.000299
0.000297
0.000315
0.000301
0.000306
0.00029
0.00029
0.000301
0.000304
0.000292
0.000296
0.0003
0.000314
0.000285
0.000275
0.000275
0.000316
0.000288
0.000278
0.000278
0.00032
0.000279
0.000301
0.000268
0.000272
0.000273
0.000269
0.000291
0.00027
0.0003
0.000282
0.000272
0.000274
0.000252
0.000259
0.000253
0.000244
0.000284
0.000273
0.000257
0.000262
0.000254
0.000261
0.000249
0.000256
0.000248
0.000253
0.000248
0.000255
0.000254
0.00029
0.000248
0.000259
0.000256
0.000266
0.000259
0.000251
0.000261
0.000254
0.000256
0.000252
0.000252
0.000264
0.000252
0.00025
0.000252
0.000256
0.000278
0.000255
0.000251
0.000257
0.000255
0.000262
0.000264
0.000249
0.000246
0.000251
0.000249
0.000257
0.000258
0.000246
0.000262
0.000269
0.000253
0.000255
0.000247
0.000269
0.000257
0.000256
0.000248
0.000262
0.000257
0.000262
0.000241
0.000255
0.000245
0.000263
0.00025
0.000258
0.000258
0.000248
0.000249
0.000252
0.000252
0.000264
0.000243
0.000254
0.000254
0.000251
0.000258
0.000255
0.000252
0.000264
0.000247
0.000256
0.000262
0.000252
0.000251
0.000245
0.000268
0.000277
0.000253
0.000284
0.000275
0.000269
0.00026
0.000259
0.00025
0.000251
0.000244
0.00025
0.000245
0.000256
0.000251
0.000256
0.000245
0.000243
0.000252
0.000251
0.000254
0.000252
0.000256
0.000274
0.000244
0.000241
0.000244
0.000253
0.000251
0.000256
0.000252
0.000252
0.000251
0.000247
0.000242
0.000251
0.000243
0.000242
0.000252
0.000245
0.000251
0.000241
0.000254
0.000246
0.000244
0.000253
0.00025
0.000253
0.000266
0.000247
0.000252
0.000244
0.000246
0.000252
0.000245
0.000246
0.000249
0.000248
0.000245
0.000275
0.000256
0.000261
0.000246
0.000255
0.000249
0.00025
0.00024
0.000251
0.000247
0.000251
0.000254
0.000252
0.000245
0.000243
0.000249
0.000246
0.000249
0.000258
0.000246
0.000252
0.000243
0.000253
0.000255
0.000254
0.00025
0.000259
0.00025
0.000253
0.000248
0.000251
0.000249
0.000241
0.000249
0.000256
0.000298
0.000278
0.000264
0.000261
0.000244
0.00026
0.000259
0.00025
0.000263
0.000253
0.000253
0.000251
0.000252
0.000255
0.000245
0.000248
0.000252
0.000252
0.000252
0.000256
0.000256
0.000262
0.000262
0.000256
0.000245
0.00026
0.000244
0.000248
0.000255
0.00026
0.000263
0.000248
0.000253
0.000251
0.000276
0.000261
0.000253
0.000248
0.000261
0.00026
0.000252
0.000249
0.000249
0.000254
0.000254
0.000247
0.000249
0.000252
0.000271
0.000256
0.000259
0.000251
0.000255
0.000254
0.000252
0.00026
0.000248
0.000254
0.00029
0.000318
0.000396
0.000291
0.000399
0.000299
0.000257
0.00025
0.000251
0.000248
0.000257
0.000255
0.000253
0.000248
0.000256
0.000272
0.000254
0.000263
0.000247
0.00025
0.000248
0.000251
0.000256
0.000252
0.000252
0.000246
0.000244
0.000246
0.000251
0.000257
0.000249
0.000249
0.00025
0.000257
0.000252
0.000246
0.000252
0.00025
0.0003
0.000247
0.000258
0.000242
0.000249
0.000242
0.00025
0.000246
0.000251
0.000245
0.000247
0.000258
0.000251
0.000252
0.000253
0.000257
0.000251
0.000245
0.000251
0.000254
0.000251
0.000248
0.000245
0.000247
0.000254
0.000242
0.000248
0.000248
0.000254
0.000243
0.000248
0.000247
0.000249
0.000243
0.00025
0.000241
0.00026
0.000242
0.00026
0.000248
0.000245
0.000247
0.000247
0.000249
0.000246
0.000246
0.000254
0.000246
0.000248
0.000253
0.00025
0.00025
0.000252
0.000249
0.000239
0.000241
0.000243
0.00025
0.000246
0.000259
0.000244
0.000334
0.000303
0.00029
0.000302
0.000285
0.000256
0.000253
0.000253
0.00026
0.000294
0.000258
0.000253
0.000252
0.000258
0.000246
0.000251
0.000253
0.000246
0.000253
0.000286
0.00025
0.000249
0.000256
0.000247
0.000255
0.000249
0.000252
0.000246
0.000248
0.000257
0.000255
0.000256
0.000242
0.000249
0.000255
0.000249
0.000247
0.000249
0.000249
0.00029
0.00027
0.000297
0.000253
0.000245
0.000252
0.000245
0.000247
0.000256
0.00025
0.00026
0.000243
0.000247
0.00025
0.000265
0.00025
0.000254
0.000249
0.000241
0.000263
0.000249
0.000249
0.000254
0.000247
0.000251
0.000252
0.000253
0.000252
0.000256
0.000281
0.000249
0.00025
0.000263
0.000252
0.000249
0.000254
0.000249
0.000261
0.000272
0.000262
0.000251
0.000253
0.000247
0.000248
0.000256
0.000252
0.000254
0.000254
0.000255
0.000251
0.000271
0.000289
0.00026
0.000248
0.000253
0.000245
0.000253
0.000276
0.00025
0.000251
0.000255
0.000248
0.00025
0.000264
0.000275
0.000258
0.000244
0.000247
0.000249
0.000245
0.000243
0.000251
0.000249
0.000264
0.000252
0.00025
0.000252
0.000242
0.000253
0.000248
0.000251
0.00028
0.000249
0.00025
0.000253
0.000253
0.000251
0.000248
0.000251
0.000248
0.000245
0.000246
0.000246
0.000246
0.000247
0.000245
0.000265
0.000245
0.000253
0.000252
0.00025
0.000248
0.000251
0.000246
0.000244
0.000248
0.000257
0.000243
0.000242
0.000248
0.000258
0.000253
0.000249
0.000247
0.000242
0.00025
0.000276
0.000257
0.000261
0.000244
0.000247
0.000247
0.000246
0.000249
0.000249
0.000248
0.00025
0.000244
0.000262
0.000255
0.000253
0.000249
0.000248
0.000249
0.000245
0.000243
0.000269
0.00026
0.000249
0.000248
0.000253
0.000251
0.000248
0.000253
0.000251
0.000249
0.000253
0.00025
0.000259
0.000242
0.000252
0.000247
0.00028
0.000244
0.000243
0.000249
0.000257
0.00024
0.000259
0.000251
0.000252
0.00027
0.000245
0.000245
0.000248
0.000246
0.000251
0.000245
0.000251
0.00025
0.000245
0.000245
0.000246
0.000238
0.000247
0.000251
0.000253
0.000262
0.000244
0.000246
0.000247
0.000252
0.000252
0.000247
0.000246
0.000249
0.000246
0.000239
0.000261
0.000261
0.000255
0.000254
0.00025
0.000259
0.000247
0.000249
0.000245
0.000245
0.000244
0.000247
0.000244
0.000254
0.00025
0.00025
0.000248
0.000252
0.000249
0.000255
0.000262
0.000255
0.00025
0.000253
0.000248
0.00025
0.000256
0.000241
0.000251
0.000248
0.000251
0.000252
0.000242
0.000238
0.00025
0.000255
0.000263
0.000256
0.000274
0.000275
0.000248
0.000252
0.000247
0.00026
0.00025
0.000246
0.000276
0.000245
0.000294
0.000256
0.000256
0.000266
0.000257
0.000252
0.000249
0.000251
0.000244
0.000292
0.000252
0.000258
0.000256
0.000259
0.000262
0.000247
0.000245
0.000256
0.000247
0.000243
0.000248
0.000248
0.000249
0.000262
0.000251
0.000257
0.000258
0.000254
0.000254
0.000248
0.000246
0.000248
0.000257
0.000252
0.000252
0.0003
0.000259
0.00025
0.000245
0.000244
0.000249
0.00025
0.000253
0.00025
0.000247
0.000253
