0.000481
0.000461
0.000448
0.000446
0.000444
0.000443
0.000432
0.000499
0.000478
0.000475
0.000477
0.000479
0.000456
0.000446
0.000457
0.000446
0.000441
0.000437
0.000445
0.000451
0.000448
0.000495
0.000454
0.000476
0.000472
0.000465
0.000469
0.000499
0.00043
0.000457
0.000456
0.000456
0.000449
0.000454
0.000446
0.000459
0.000483
0.00046
0.000504
0.000575
0.000495
0.00048
0.00045
0.000487
0.000467
0.000455
0.000452
0.000451
0.000469
0.000454
0.000452
0.000445
0.000465
0.000442
0.000515
0.00048
0.000455
0.000452
0.000451
0.000464
0.000491
0.000475
0.000459
0.00046
0.000453
0.000478
0.000447
0.000442
0.000463
0.000431
0.000481
0.000449
0.000489
0.00045
0.000446
0.00045
0.000444
0.000444
0.000443
0.000442
0.00046
0.000451
0.000452
0.00043
0.000441
0.000452
0.000438
0.000454
0.00051
0.000473
0.000451
0.000466
0.000451
0.000427
0.000449
0.000436
0.000442
0.000454
0.000431
0.000448
0.000444
0.000441
0.000441
0.000459
0.000439
0.00044
0.000484
0.000483
0.000448
0.000461
0.000481
0.000467
0.000479
0.000479
0.00046
0.000455
0.000464
0.000528
0.000452
0.000468
0.000482
0.000407
0.000393
0.000384
0.000393
0.000394
0.000405
0.000386
0.000419
0.000403
0.000454
0.000412
0.000418
0.000402
0.000413
0.00036
0.000349
0.000349
0.000346
0.000363
0.000358
0.00037
0.000349
0.000341
0.000346
0.000371
0.000348
0.000343
0.000331
0.000341
0.000337
0.0003
0.000305
0.000319
0.000371
0.000316
0.000326
0.000377
0.000304
0.000383
0.000319
0.000335
0.00034
0.000336
0.000301
0.000306
0.000321
0.000321
0.000419
0.000265
0.000264
0.000255
0.00025
0.000259
0.000253
0.00025
0.000257
0.000248
0.000257
0.000248
0.000255
0.000256
0.000252
0.000251
0.000252
0.000256
0.000258
0.000251
0.000259
0.000256
0.000262
0.0003
0.000257
0.000251
0.000253
0.000296
0.000277
0.000271
0.000254
0.000244
0.000246
0.000283
0.00025
0.000251
0.000256
0.000252
0.000293
0.000248
0.00025
0.000257
0.000255
0.000255
0.000284
0.000266
0.000276
0.000247
0.00025
0.000263
0.000255
0.000262
0.000252
0.000261
0.000241
0.000254
0.000259
0.000247
0.000357
0.000303
0.000288
0.000263
0.000315
0.000264
0.000265
0.000259
0.000266
0.000263
0.000255
0.00027
0.000257
0.000275
0.000255
0.000256
0.000262
0.000262
0.000292
0.000263
0.000274
0.000345
0.000279
0.000327
0.000299
0.00029
0.000293
0.000263
0.000263
0.000258
0.00026
0.000273
0.000255
0.000257
0.000262
0.000293
0.000274
0.000254
0.000252
0.000255
0.000255
0.000255
0.000294
0.000264
0.000259
0.000258
0.000336
0.000343
0.000316
0.00028
0.000267
0.000267
0.000258
0.000264
0.000267
0.000284
0.00028
0.000263
0.000298
0.000254
0.00026
0.000256
0.000254
0.000253
0.000264
0.000312
0.000276
0.000256
0.000269
0.000248
0.000261
0.000257
0.00026
0.000256
0.000252
0.000253
0.000253
0.000285
0.000249
0.000256
0.000253
0.000257
0.000247
0.000254
0.000252
0.000256
0.000251
0.000255
0.000253
0.000254
0.000261
0.000243
0.000249
0.000249
0.000268
0.000277
0.00026
0.000262
0.000255
0.000254
0.000256
0.000292
0.000259
0.000259
0.000253
0.000253
0.00025
0.000256
0.000258
0.00025
0.000253
0.000254
0.000248
0.000249
0.000248
0.000254
0.000252
0.000264
0.00025
0.000248
0.000251
0.000252
0.000253
0.00025
0.000249
0.000262
0.000261
0.000259
0.00025
0.000249
0.00029
0.000289
0.000275
0.000256
0.000248
0.00026
0.000265
0.00026
0.000253
0.000258
0.000247
0.000251
0.000258
0.000247
0.000255
0.000277
0.00025
0.000252
0.000254
0.000295
0.000254
0.000254
0.000253
0.000268
0.000252
0.000252
0.000253
0.000286
0.000276
0.000259
0.000247
0.000274
0.000269
0.000358
0.00026
0.000261
0.000252
0.000417
0.000261
0.000385
0.000252
0.000263
0.000264
0.000265
0.000277
0.000266
0.000253
0.000274
0.00026
0.000251
0.000299
0.000254
0.000263
0.00025
0.000258
0.000361
0.000354
0.000434
0.00025
0.000285
0.000273
0.000288
0.000249
0.000256
0.000254
0.000263
0.00026
0.000261
0.000254
0.00025
0.000332
0.000344
0.00027
0.000258
0.000265
0.000256
0.000259
0.00026
0.000267
0.00026
0.000255
0.000285
0.000293
0.000252
0.000253
0.000251
0.000258
0.000266
0.000262
0.000256
0.00026
0.000274
0.000263
0.000281
0.000252
0.000255
0.000255
0.000258
0.000266
0.000256
0.000256
0.000256
0.000259
0.000255
0.000251
0.000266
0.000255
0.000251
0.000247
0.000262
0.000255
0.000266
0.000252
0.000249
0.000253
0.000257
0.000253
0.000288
0.000255
0.000255
0.000255
0.000275
0.000274
0.00026
0.000255
0.000256
0.000257
0.000256
0.000257
0.000242
0.000248
0.000243
0.000248
0.000249
0.000244
0.000257
0.000248
0.000255
0.000262
0.000251
0.000255
0.000253
0.00025
0.000249
0.000254
0.000251
0.000253
0.000259
0.000251
0.000249
0.000249
0.000289
0.000264
0.000291
0.000288
0.000252
0.000253
0.000248
0.000261
0.000255
0.000269
0.000252
0.000257
0.00025
0.000254
0.000257
0.000248
0.000247
0.000257
0.000252
0.000253
0.000256
0.000249
0.00025
0.000265
0.000263
0.000246
0.000255
0.000262
0.000248
0.000247
0.000248
0.000247
0.000247
0.000248
0.000251
0.000249
0.000261
0.000261
0.000249
0.000279
0.000254
0.000251
0.00027
0.000265
0.000257
0.000251
0.000259
0.000256
0.000307
0.000292
0.000273
0.000258
0.000338
0.000281
0.000257
0.00026
0.000259
0.000263
0.000248
0.000284
0.00025
0.000253
0.000246
0.000255
0.000253
0.000252
0.000254
0.000294
0.000253
0.000251
0.000254
0.000257
0.000251
0.00025
0.000252
0.000274
0.000254
0.000244
0.000279
0.000253
0.000258
0.000271
0.000288
0.000254
0.000255
0.000295
0.00028
0.000299
0.000258
0.000265
0.000255
0.00026
0.00025
0.000306
0.00026
0.000256
0.000247
0.000258
0.000266
0.000262
0.000272
0.000252
0.00025
0.000255
0.000269
0.000269
0.000257
0.000257
0.000269
0.000255
0.000296
0.000301
0.000259
0.000251
0.000253
0.000249
0.00025
0.000244
0.000254
0.000249
0.00025
0.000258
0.000251
0.000256
0.000255
0.000253
0.000261
0.000257
0.000257
0.00025
0.000289
0.00025
0.000251
0.000251
0.000259
0.00025
0.000251
0.000256
0.000255
0.000259
0.00028
0.000269
0.000251
0.000244
0.000269
0.000264
0.00026
0.000261
0.000259
0.000248
0.000257
0.000255
0.000259
0.000262
0.000262
0.000273
0.000258
0.000266
0.000258
0.000258
0.000263
0.000259
0.000277
0.00026
0.000259
0.00026
0.000275
0.000279
0.000252
0.000264
0.000263
0.000249
0.000256
0.000279
0.000247
0.000254
0.000293
0.000255
0.000257
0.000257
0.000252
0.000249
0.000258
0.000259
0.000265
0.000282
0.000262
0.000254
0.000258
0.000295
0.00025
0.000254
0.000245
0.000253
0.000248
0.000244
0.000284
0.000258
0.000248
0.000252
0.000258
0.000263
0.000263
0.00026
0.000256
0.000252
0.000253
0.000281
0.000257
0.000251
0.000253
0.000253
0.000275
0.000251
0.00025
0.000253
0.000248
0.000254
0.000265
0.000251
0.000265
0.000259
0.000252
0.000244
0.000246
0.000248
0.000248
0.000245
0.000255
0.000255
0.000255
0.00025
0.000257
0.000266
0.000253
0.000254
0.000255
0.000251
0.000299
0.000263
0.000253
0.000261
0.000274
0.000264
0.000264
0.000266
0.000263
0.000264
0.00028
0.000257
0.000258
0.000254
0.000265
0.000293
0.00027
0.000266
0.000284
0.000249
0.000249
0.000255
0.000254
0.000254
0.000246
0.00027
0.000256
0.000274
0.000264
0.000252
0.000266
0.000251
0.000257
0.000249
0.000266
0.000262
0.000262
0.00026
0.000288
0.000277
0.000294
0.00028
0.000285
0.00028
0.000277
0.000298
0.000262
0.000258
0.00026
0.000263
0.000262
0.00026
0.00026
0.000257
0.00026
0.000255
0.00026
0.000261
0.000265
0.000261
0.000271
0.000257
0.000263
0.000271
0.000257
0.000263
0.000257
0.000263
0.000254
0.000261
0.000268
0.000267
0.000272
0.000277
0.000276
0.000278
0.000264
0.000268
0.000269
0.000258
0.000258
0.000296
0.000261
0.000262
0.000262
0.000264
0.000271
0.000253
0.000262
0.000253
0.000266
0.000288
0.000265
0.000282
0.000258
0.00026
0.00026
0.000258
0.000257
0.000323
0.000291
0.000268
0.000271
0.000275
0.000273
0.000285
0.000262
0.000281
0.000249
0.000252
0.000256
0.000265
0.00026
0.000272
0.000257
0.000252
0.000261
0.000255
0.000248
0.000262
0.000294
0.000246
0.000248
0.000251
0.000252
0.000245
0.000256
0.000244
0.000255
0.000254
0.000252
0.000254
0.000252
0.000247
0.000254
0.000256
0.000253
0.000246
0.000252
0.000273
0.000253
0.000239
0.000255
0.000257
0.000249
0.000252
0.000249
0.000257
0.000255
0.000251
0.000263
0.000265
0.000249
0.000252
0.000251
0.000251
0.000278
0.000253
0.000248
0.000251
0.000245
0.000265
0.000254
0.00025
0.000248
0.00025
0.00026
0.000258
0.00025
0.000252
0.000259
0.000264
0.000251
0.000257
0.00026
0.000278
0.000268
0.000299
0.000268
0.000264
0.000283
0.000277
0.000258
0.000243
0.000258
0.000279
0.000269
0.000261
0.000258
0.000259
0.000272
0.000262
0.000245
0.000257
0.000256
0.000246
0.000253
0.000255
0.000314
0.000263
0.00025
0.000248
0.000256
0.000256
0.000257
0.000255
0.000256
0.000244
0.000249
0.000253
0.000239
0.00026
0.000249
0.000258
0.000259
0.00025
0.000256
0.000245
0.000248
0.000248
0.000246
0.00025
0.000254
0.000259
0.000255
0.000253
0.000251
0.000254
0.000255
0.000265
0.000248
0.00027
0.000271
0.000254
0.000274
0.00026
0.000258
0.000261
0.000253
0.000251
0.000277
0.000258
0.000248
0.000274
0.000255
0.000269
0.000258
0.000278
0.00026
0.000248
0.000245
0.000278
0.000251
0.000245
0.000251
