0.00046
0.00046
0.000445
0.000453
0.000466
0.000462
0.000448
0.000449
0.000446
0.00045
0.000445
0.000451
0.000463
0.000468
0.000456
0.000445
0.000452
0.000454
0.000445
0.000444
0.000456
0.000463
0.000459
0.000453
0.000524
0.000488
0.000557
0.000455
0.000459
0.000459
0.000461
0.000454
0.000447
0.000458
0.000455
0.000455
0.00045
0.000484
0.000448
0.000449
0.000457
0.000465
0.000485
0.000489
0.00047
0.000448
0.000472
0.000475
0.000456
0.000462
0.000456
0.000464
0.000457
0.000455
0.000447
0.000444
0.000459
0.000443
0.00045
0.000468
0.00039
0.000384
0.000382
0.000392
0.000385
0.000385
0.000388
0.000387
0.000406
0.000389
0.000399
0.000403
0.000395
0.0004
0.000394
0.000406
0.000341
0.000335
0.000343
0.00037
0.000345
0.000355
0.000338
0.000337
0.00033
0.000332
0.000361
0.000338
0.000346
0.000347
0.000354
0.000297
0.000307
0.000313
0.000305
0.000311
0.000332
0.00031
0.000309
0.000322
0.000327
0.000311
0.000316
0.000304
0.000311
0.000336
0.000284
0.000282
0.00029
0.000281
0.000304
0.000344
0.000284
0.000321
0.000293
0.000287
0.000291
0.000289
0.000283
0.000289
0.000281
0.00029
0.000286
0.000285
0.000301
0.000294
0.000283
0.00026
0.000283
0.000268
0.000263
0.000253
0.000258
0.000261
0.000259
0.000248
0.000254
0.000254
0.000257
0.000266
0.000254
0.000262
0.000263
0.000262
0.000261
0.000268
0.000294
0.000317
0.000264
0.000278
0.000288
0.000267
0.000265
0.000309
0.000262
0.000259
0.000263
0.000259
0.000269
0.00026
0.000284
0.000257
0.000262
0.000262
0.000258
0.000269
0.000274
0.000282
0.000289
0.000261
0.000262
0.000263
0.000265
0.000261
0.000321
0.000275
0.000262
0.000259
0.00026
0.000271
0.000258
0.000267
0.000263
0.000261
0.000259
0.000261
0.000268
0.000258
0.000256
0.00026
0.000251
0.000272
0.000259
0.000252
0.000257
0.000254
0.000308
0.000259
0.000259
0.000289
0.000267
0.00026
0.000258
0.000254
0.000268
0.000258
0.000298
0.00026
0.000251
0.000259
0.00026
0.000251
0.000254
0.000256
0.000253
0.000253
0.000262
0.000258
0.00027
0.000269
0.000254
0.000263
0.000254
0.000254
0.000256
0.000252
0.000263
0.000262
0.000272
0.000285
0.000281
0.000269
0.000283
0.000254
0.000254
0.000305
0.000306
0.000259
0.000264
0.000261
0.000267
0.000268
0.000261
0.000262
0.000265
0.000255
0.000252
0.000252
0.00026
0.000255
0.000255
0.000261
0.000256
0.000257
0.000253
0.00032
0.000263
0.000254
0.000258
0.000254
0.000247
0.000255
0.000254
0.000259
0.000251
0.000259
0.00025
0.000256
0.000251
0.000258
0.000255
0.000264
0.00026
0.000254
0.000255
0.000273
0.000257
0.000267
0.000265
0.00025
0.000254
0.000252
0.000257
0.000276
0.000253
0.000248
0.000251
0.000271
0.000264
0.000263
0.000286
0.000249
0.000257
0.000256
0.000255
0.000255
0.000254
0.000271
0.000246
0.000258
0.000255
0.000255
0.000258
0.000256
0.000258
0.00027
0.000248
0.000258
0.00025
0.000249
0.000254
0.000252
0.000249
0.000251
0.000252
0.00025
0.000258
0.000256
0.000249
0.000257
0.000284
0.000263
0.000258
0.000258
0.000252
0.000247
0.000279
0.000249
0.000245
0.000252
0.000249
0.000248
0.000254
0.000249
0.000249
0.000252
0.000254
0.000256
0.000253
0.00026
0.000255
0.000295
0.000281
0.000275
0.000278
0.000289
0.000304
0.000254
0.000252
0.000248
0.000254
0.000255
0.000255
0.00026
0.000251
0.000252
0.00026
0.000259
0.000256
0.000259
0.000262
0.000254
0.000264
0.000255
0.000285
0.000256
0.000259
0.000262
0.000254
0.000254
0.000251
0.000252
0.000258
0.00026
0.000258
0.000281
0.000254
0.000251
0.000267
0.000252
0.000258
0.000247
0.000282
0.000259
0.000261
0.000252
0.000252
0.000253
0.000281
0.00025
0.000258
0.000255
0.000273
0.000262
0.000252
0.000258
0.000253
0.000262
0.000255
0.000271
0.000244
0.000254
0.000254
0.000289
0.00026
0.000257
0.000247
0.000265
0.000254
0.00026
0.000266
0.000259
0.000253
0.000253
0.000259
0.000251
0.000248
0.000256
0.00025
0.000251
0.000268
0.000251
0.000263
0.000252
0.000256
0.000255
0.000265
0.000324
0.000277
0.000282
0.000266
0.000253
0.000284
0.000252
0.00025
0.000296
0.00025
0.000266
0.000256
0.000251
0.00025
0.000261
0.000255
0.000253
0.000251
0.000252
0.000255
0.000262
0.00025
0.00025
0.000259
0.000251
0.000251
0.000255
0.000268
0.000255
0.000258
0.000258
0.000253
0.000255
0.000254
0.000253
0.000252
0.000252
0.000263
0.000256
0.000255
0.000253
0.000254
0.000251
0.000284
0.000282
0.00026
0.000257
0.000253
0.000258
0.000249
0.000257
0.000263
0.000282
0.000278
0.000261
0.000261
0.000297
0.000255
0.000261
0.000286
0.000267
0.000261
0.000261
0.000259
0.000307
0.000268
0.000263
0.000259
0.000258
0.000253
0.000256
0.000261
0.000273
0.000298
0.000337
0.000354
0.000386
0.000343
0.000322
0.000262
0.000261
0.000258
0.000255
0.000265
0.000256
0.000264
0.00027
0.000255
0.000251
0.000244
0.000255
0.000257
0.000254
0.000252
0.00025
0.000251
0.000255
0.000258
0.000257
0.000251
0.000261
0.000254
0.000254
0.000258
0.000276
0.000251
0.000251
0.000288
0.000248
0.00025
0.000255
0.000249
0.000255
0.000276
0.000253
0.000258
0.000259
0.000259
0.000252
0.000254
0.000248
0.000246
0.000247
0.000252
0.000254
0.000262
0.00025
0.000258
0.000252
0.000256
0.000255
0.00025
0.000254
0.000249
0.000248
0.000253
0.000259
0.000248
0.000246
0.000256
0.000255
0.000249
0.000275
0.000256
0.000258
0.000257
0.000255
0.000257
0.000251
0.000265
0.000252
0.000255
0.00027
0.000253
0.000258
0.000274
0.000265
0.000271
0.000258
0.00026
0.000256
0.000254
0.00025
0.000247
0.000255
0.000252
0.000246
0.000256
0.000261
0.000258
0.000277
0.000251
0.000254
0.00025
0.00027
0.000261
0.000258
0.000256
0.000268
0.000277
0.000244
0.000255
0.000249
0.000248
0.000254
0.000248
0.000257
0.000254
0.00025
0.000248
0.000266
0.000254
0.00025
0.000275
0.000259
0.000262
0.000269
0.000263
0.000263
0.000262
0.000258
0.000262
0.000268
0.000257
0.000261
0.000259
0.000264
0.000255
0.000269
0.000263
0.000262
0.000264
0.000318
0.000277
0.000266
0.000271
0.00027
0.000262
0.000264
0.000262
0.000263
0.00027
0.000287
0.000256
0.000294
0.000262
0.000254
0.000254
0.00026
0.000259
0.000258
0.000249
0.000253
0.000257
0.000252
0.00026
0.000281
0.000254
0.000256
0.000255
0.000274
0.000269
0.000254
0.000265
0.000254
0.000259
0.000259
0.000263
0.000258
0.000256
0.000256
0.000258
0.00029
0.000262
0.000275
0.000278
0.000256
0.000255
0.000253
0.000258
0.000286
0.000253
0.000255
0.000251
0.000249
0.000254
0.000249
0.000262
0.000262
0.000252
0.000258
0.000258
0.000253
0.000258
0.000258
0.000251
0.000255
0.000252
0.000248
0.000259
0.000261
0.000257
0.000258
0.000249
0.000259
0.000262
0.000254
0.000261
0.000256
0.000251
0.000274
0.000266
0.000254
0.000306
0.000249
0.000247
0.000254
0.000252
0.000258
0.000252
0.000255
0.000251
0.000253
0.000259
0.00025
0.000251
0.000258
0.000265
0.000259
0.000252
0.000253
0.000256
0.000256
0.000251
0.000251
0.000254
0.000264
0.000255
0.000256
0.000249
0.000272
0.00025
0.000248
0.000247
0.000252
0.000245
0.000255
0.000249
0.000285
0.000268
0.000259
0.000264
0.000258
0.000264
0.000287
0.000254
0.000256
0.000251
0.000293
0.000262
0.000252
0.000254
0.000267
0.000257
0.000258
0.000257
0.00026
0.000259
0.000266
0.000262
0.000253
0.000246
0.000258
0.000254
0.000353
0.000265
0.000256
0.000254
0.000264
0.000251
0.000255
0.000256
0.000246
0.000251
0.00028
0.000256
0.000256
0.000256
0.000266
0.000255
0.000269
0.000273
0.000263
0.000282
0.000255
0.000251
0.000256
0.00025
0.000273
0.000256
0.000253
0.000252
0.000251
0.000269
0.000254
0.000252
0.000254
0.000255
0.000249
0.000254
0.000283
0.000265
0.000252
0.00025
0.000257
0.000254
0.000251
0.000247
0.000255
0.000258
0.00025
0.000257
0.000255
0.000256
0.000255
0.000258
0.000254
0.000254
0.000256
0.000278
0.000261
0.000257
0.000253
0.000264
0.000279
0.000273
0.000261
0.000258
0.000256
0.00026
0.000271
0.000256
0.000276
0.000293
0.000272
0.000268
0.000307
0.000266
0.000277
0.000275
0.000265
0.000274
0.000284
0.000271
0.000264
0.000267
0.000267
0.000266
0.00027
0.00028
0.000287
0.000269
0.000276
0.000269
0.00028
0.000274
0.000271
0.000276
0.000273
0.000261
0.000268
0.00026
0.000266
0.000271
0.000262
0.000268
0.000269
0.000268
0.000268
0.000284
0.000283
0.000282
0.000312
0.000271
0.000272
0.000272
0.000266
0.000266
0.000275
0.000269
0.000266
0.00027
0.000278
0.000277
0.000285
0.000278
0.000276
0.000267
0.000272
0.000279
0.000268
0.000267
0.000273
0.000268
0.000268
0.000274
0.000277
0.000261
0.000265
0.000271
0.000268
0.000265
0.000267
0.000258
0.000278
0.00028
0.000292
0.000275
0.000311
0.000273
0.000263
0.000278
0.00027
0.000283
0.00028
0.000262
0.000311
0.000283
0.000263
0.000322
0.000267
0.000274
0.00027
0.000271
0.000275
0.000268
0.000278
0.000304
0.000295
0.000292
0.00028
0.000301
0.000302
0.000276
0.000268
0.000308
0.000289
0.000284
0.000304
0.000305
0.000288
0.00028
0.000282
0.000283
0.000275
0.000302
0.00028
0.000283
0.000272
0.000284
0.000275
0.000285
0.000278
0.000285
0.000316
0.000276
0.000272
0.000315
0.000282
0.000304
0.000285
0.00029
0.000289
0.000282
0.000311
0.000281
0.0003
0.000282
0.000282
0.000302
0.000292
0.000305
0.000295
0.000312
0.000281
0.00028
0.000279
0.000296
0.000273
0.00033
0.000287
0.000298
0.000292
