41
33
34
47
82
46
29
26
43
56
52
36
51
57
36
29
49
38
33
36
38
53
46
60
36
64
76
29
49
48
53
4
33
27
49
61
72
52
50
32
56
37
41
49
38
40
39
38
29
52
50
32
40
47
48
58
1
79
62
33
31
42
42
36
39
43
54
79
55
45
55
55
65
62
2
55
31
30
20
39
33
48
49
62
47
57
19
44
51
47
31
74
28
60
62
58
35
26
52
68
55
83
53
47
24
44
16
67
49
59
57
43
52
67
64
52
65
47
56
53
59
67
66
29
43
49
21
30
45
47
41
65
33
70
42
45
79
52
62
35
39
78
19
42
65
46
48
58
57
38
36
33
48
68
63
50
59
35
43
12
28
12
54
46
70
37
22
51
36
30
35
30
47
31
28
63
36
21
50
59
41
67
65
53
51
71
37
52
47
57
50
47
57
44
28
58
47
45
30
38
23
33
31
53
36
38
13
47
73
48
11
29
48
39
49
37
44
40
41
35
69
33
39
48
43
58
65
46
33
67
58
58
26
58
34
55
52
43
62
31
22
49
57
89
101
15
23
55
47
35
25
39
40
41
43
75
40
58
43
28
22
70
10
51
33
22
48
41
41
50
9
50
36
45
8
65
60
65
50
45
52
35
56
55
34
71
69
25
45
60
60
37
59
43
55
37
26
65
54
62
52
49
53
17
72
62
54
26
38
49
44
71
58
51
76
52
37
38
61
18
29
60
58
57
29
11
46
87
39
46
73
48
43
43
52
31
18
47
33
58
45
55
35
38
26
43
69
44
38
46
47
53
50
57
52
47
68
56
43
24
33
20
19
44
3
49
75
55
63
46
44
53
30
42
59
47
35
26
44
57
54
19
21
56
67
60
54
25
45
12
62
46
52
41
31
60
81
34
40
38
45
30
71
44
48
30
48
58
51
42
42
7
54
60
41
44
35
28
60
33
44
45
36
71
52
70
76
44
33
54
1
45
53
56
35
56
45
67
22
66
52
37
46
56
60
17
43
41
52
61
43
60
47
41
4
43
24
63
3
42
46
51
34
30
71
41
66
72
46
16
53
57
70
58
35
37
37
59
9
39
64
52
46
50
32
46
58
37
26
58
14
60
62
46
42
32
28
35
27
43
58
16
38
54
61
32
28
32
60
26
62
59
57
35
49
50
61
45
71
53
45
58
25
64
38
49
35
33
51
41
51
54
21
44
14
32
50
74
69
27
25
40
33
70
73
38
43
24
23
50
55
33
77
39
49
47
39
53
42
53
36
36
4
67
72
44
49
53
32
26
48
63
43
54
26
57
19
44
25
44
61
54
52
54
42
37
64
53
18
72
48
16
43
47
25
30
63
80
32
29
46
61
35
37
53
54
53
10
27
24
70
54
41
55
34
45
27
55
32
12
64
52
6
31
65
58
13
45
39
82
28
72
78
66
67
39
40
78
52
65
29
59
68
33
53
43
46
41
59
44
18
49
35
16
26
22
37
41
43
37
61
50
37
30
55
43
38
41
40
69
47
67
74
43
49
28
31
44
2
47
42
38
43
50
55
55
55
56
63
24
48
36
37
51
25
40
39
48
19
52
41
28
68
28
46
49
66
4
17
40
44
47
55
48
22
43
73
50
44
34
50
30
62
48
53
47
60
53
56
58
67
81
24
41
62
71
57
32
63
61
25
56
36
31
36
27
22
45
50
65
56
71
46
59
36
58
60
55
56
54
28
49
53
80
76
42
50
34
31
45
55
22
46
35
50
75
27
20
51
49
50
33
46
30
4
44
39
64
54
33
23
49
52
79
46
64
55
21
13
40
52
41
35
28
40
52
56
62
59
71
36
43
49
80
37
31
38
58
38
25
64
40
18
57
51
67
17
48
5
65
49
48
47
8
45
43
38
45
48
80
24
31
60
47
19
73
46
22
33
39
24
53
61
34
54
42
30
52
64
36
17
43
28
30
57
51
52
32
57
43
34
56
74
45
29
12
40
32
41
50
48
65
32
26
79
40
47
13
52
75
55
43
58
44
24
5
31
55
66
55
67
40
40
5
41
59
71
66
29
56
57
56
48
24
26
29
48
55
53
38
43
81
24
21
34
62
34
30
48
63
46
54
36
36
39
28
1
62
22
30
4
63
31
37
31
37
47
55
47
27
46
65
51
51
55
46
63
71
27
19
55
33
32
48
65
65
48
38
34
59
56
23
31
67
49
38
11
26
43
39
53
35
31
46
24
68
18
60
46
41
35
48
20
31
54
57
81
70
30
38
