42
43
43
50
34
42
36
61
30
21
54
74
39
17
43
40
45
59
17
50
37
3
45
38
6
63
14
28
31
30
71
22
35
15
28
63
63
43
33
56
21
19
31
36
30
37
23
42
66
42
46
38
39
21
19
36
29
39
45
40
60
31
23
13
38
20
30
56
51
39
45
36
30
34
32
17
15
51
14
32
30
66
21
36
20
42
31
41
39
40
42
31
30
14
46
50
8
46
66
41
45
50
40
44
28
46
43
47
51
35
23
79
20
29
39
26
56
38
18
36
33
15
25
41
22
39
48
52
33
36
49
51
35
41
60
14
36
44
20
32
37
48
47
45
42
10
35
39
20
18
35
53
34
29
44
20
35
22
26
59
55
24
54
58
70
37
42
41
1
24
14
32
42
56
49
34
12
23
30
33
63
43
4
26
29
35
47
25
8
24
34
44
33
33
34
73
48
25
23
26
55
49
33
59
14
47
62
28
16
49
44
41
48
62
14
39
26
23
30
40
35
26
26
36
31
15
27
35
26
30
38
45
22
49
24
6
71
46
39
69
56
36
26
36
30
36
48
16
40
47
19
10
32
29
51
39
19
40
26
33
32
26
44
28
36
23
25
39
41
37
33
25
23
37
18
32
32
24
35
61
42
42
20
32
70
44
26
55
43
48
30
35
59
31
61
33
38
52
26
72
35
38
51
60
41
38
56
50
27
25
30
61
43
59
49
34
37
68
59
27
67
29
30
43
58
14
59
46
35
43
25
26
49
26
57
34
13
49
20
33
47
54
41
26
31
39
63
30
45
29
35
16
34
36
42
54
36
76
37
27
35
27
21
45
31
40
30
16
14
34
56
41
30
31
45
39
34
38
26
81
56
31
24
32
35
44
12
38
49
33
17
26
71
22
36
33
40
46
36
31
58
52
35
33
38
56
29
49
28
48
45
28
50
24
42
29
61
38
25
44
67
45
31
2
42
48
45
30
34
41
57
36
23
42
41
44
30
22
76
38
31
31
15
42
57
38
35
36
32
50
13
43
50
43
15
37
49
28
19
25
36
24
36
39
29
24
36
30
22
89
33
31
53
82
42
37
33
28
41
53
25
45
20
44
60
14
33
46
29
35
36
36
37
56
38
56
3
42
26
27
35
55
30
49
60
63
34
13
39
62
41
36
27
35
17
46
44
42
22
50
30
37
40
32
10
37
55
35
23
41
26
16
49
50
21
45
34
36
27
35
38
18
29
38
27
27
43
68
15
25
36
65
42
20
40
47
36
37
13
41
33
45
44
28
29
46
72
34
21
23
38
48
59
78
53
33
20
40
11
38
35
24
41
29
33
35
26
65
28
47
37
45
27
66
34
58
44
36
39
55
22
53
11
37
21
73
34
25
41
27
26
5
25
46
33
53
33
42
38
0
31
44
39
15
43
29
60
33
44
66
35
44
57
27
30
52
30
32
40
39
11
32
31
28
59
26
46
34
37
15
43
11
33
30
53
33
29
43
30
73
37
50
22
54
11
30
36
64
24
19
41
31
60
48
37
66
29
29
13
55
39
42
58
33
34
46
42
9
37
32
47
19
44
19
20
39
30
38
42
76
37
48
44
34
36
59
46
15
57
28
46
53
47
24
56
14
45
32
25
21
38
41
26
39
46
34
42
22
56
24
35
28
11
21
43
26
22
24
69
21
27
39
31
19
56
36
25
40
44
53
31
21
30
17
44
13
46
43
32
47
37
33
45
50
26
44
50
28
44
61
31
71
30
25
48
24
35
40
31
35
51
28
42
73
60
38
43
48
17
31
34
26
15
31
50
32
37
60
20
52
26
45
20
31
22
63
30
40
71
54
13
37
36
18
17
31
24
77
61
34
57
43
25
46
2
9
38
25
20
26
34
22
34
29
17
36
44
30
40
44
15
36
56
52
49
54
28
38
43
39
17
43
35
44
49
48
66
26
45
38
43
39
34
33
47
36
14
28
66
9
31
29
60
68
39
44
45
21
22
30
42
36
27
57
39
37
50
32
41
32
47
12
18
38
54
7
10
27
33
47
54
31
23
32
26
23
40
53
58
34
32
25
26
35
49
29
37
54
35
36
12
35
28
18
38
27
22
41
32
47
40
31
34
19
61
18
48
20
35
51
37
45
34
38
32
43
41
55
16
41
27
55
31
78
46
51
38
55
22
24
0
33
46
27
33
43
13
37
47
9
1
47
7
34
27
42
31
52
42
48
8
27
37
28
42
37
31
33
20
40
50
78
42
35
41
45
31
44
40
69
