30
44
36
42
68
106
61
66
67
44
42
60
40
52
55
49
58
34
52
52
45
63
54
14
65
35
55
39
50
11
39
59
72
3
46
70
46
30
45
41
31
11
53
49
52
46
9
45
51
50
42
20
56
40
74
28
29
54
47
65
41
59
22
68
53
50
66
34
74
46
23
51
58
69
53
48
59
59
29
56
53
60
55
65
11
24
29
41
47
55
69
14
91
40
29
48
60
64
49
63
37
7
51
74
47
60
27
48
62
50
38
31
51
31
67
46
59
22
55
48
72
56
48
78
24
43
43
17
35
41
46
43
69
37
52
52
32
56
2
35
66
26
24
67
54
65
55
49
24
42
16
45
20
42
44
77
57
54
47
38
85
47
43
45
41
19
49
31
49
55
54
40
95
40
52
67
55
47
55
51
60
54
55
44
66
41
49
44
22
34
70
14
66
52
48
67
24
40
44
70
62
53
70
45
47
51
49
51
25
23
37
24
52
25
24
20
20
58
42
50
57
43
72
63
44
36
66
71
27
38
70
42
31
56
70
33
46
53
48
69
64
51
44
56
48
60
46
28
45
45
53
43
25
59
52
36
77
54
72
53
59
45
24
32
44
63
58
46
83
67
65
57
48
13
39
72
59
33
58
62
42
45
46
47
40
50
82
29
48
64
63
68
72
45
65
59
61
54
47
45
50
33
72
30
51
46
51
59
54
35
67
71
67
39
19
18
61
42
50
44
46
45
31
44
54
55
62
43
50
68
61
53
56
18
31
38
70
22
75
58
52
55
72
59
45
40
47
52
46
41
49
42
58
46
46
65
71
21
59
57
54
56
34
34
59
24
35
69
51
43
45
34
3
72
29
55
62
54
66
29
57
73
17
40
53
37
40
37
57
48
2
67
47
61
56
30
54
51
56
54
44
59
45
49
32
56
66
70
45
59
31
86
62
45
26
26
59
52
58
66
45
65
47
37
76
40
46
63
63
57
39
32
46
22
63
63
35
44
38
43
39
52
46
60
38
35
40
52
89
51
61
46
41
50
24
23
56
76
38
40
45
54
51
29
82
55
53
44
59
68
38
33
74
64
57
3
58
68
55
35
50
14
78
28
63
22
42
74
63
65
75
84
62
43
51
30
67
2
66
36
43
28
57
57
12
64
37
59
44
69
22
32
29
30
86
42
39
20
33
23
49
63
55
65
34
43
62
38
65
63
41
59
63
61
69
24
43
51
62
30
62
73
47
68
49
10
43
48
50
43
70
41
27
58
27
60
40
47
44
45
54
40
77
33
50
11
57
40
67
45
49
67
64
81
46
33
42
49
42
42
35
68
47
49
78
68
32
51
47
56
46
20
32
18
44
38
30
50
73
32
58
31
50
56
52
77
75
35
20
32
47
65
95
40
44
42
14
46
52
83
36
66
48
43
67
43
28
65
36
58
53
72
79
49
52
3
39
46
30
37
16
31
45
43
53
40
50
34
56
41
46
57
46
34
28
69
3
36
47
50
79
14
56
24
51
62
51
55
59
58
44
56
73
31
67
67
82
25
17
64
47
47
36
0
48
58
58
44
47
46
44
60
46
65
62
81
61
48
38
34
40
31
70
82
56
56
37
61
71
43
25
79
51
37
59
66
31
20
67
67
51
55
55
55
57
47
41
57
51
49
54
14
14
51
44
36
42
63
58
43
72
28
45
73
44
57
0
46
55
17
44
43
42
22
28
45
52
41
61
60
39
51
46
42
58
50
58
46
45
73
54
54
59
46
87
44
12
50
80
28
28
36
67
33
46
43
74
33
57
18
52
55
63
47
64
58
53
47
30
51
27
51
43
69
77
44
40
32
49
25
59
65
26
57
56
33
36
67
61
9
52
38
42
47
59
37
39
33
72
56
53
53
12
55
47
45
31
64
44
50
62
47
65
17
72
20
47
27
45
32
41
26
20
17
49
12
30
49
36
40
82
64
27
49
64
55
5
62
55
48
75
39
29
66
69
43
54
38
60
32
60
53
60
20
54
58
61
58
66
47
17
55
42
33
51
41
51
47
28
88
15
53
34
49
38
41
46
59
51
43
75
28
22
31
53
70
59
57
48
40
52
24
39
43
49
50
40
67
50
64
36
59
44
50
67
37
66
37
56
52
55
50
37
75
37
30
42
65
57
46
37
69
47
65
39
44
53
52
40
34
66
69
66
49
48
20
58
57
71
54
53
68
61
35
68
44
49
45
29
50
39
48
47
65
67
44
69
66
59
87
20
42
54
55
38
81
42
85
43
48
