19
27
34
57
16
44
30
5
55
43
73
32
10
25
19
31
39
21
17
57
39
58
10
27
25
48
28
54
27
40
42
29
19
32
24
15
35
48
33
34
26
33
42
40
7
17
56
31
26
59
33
30
22
45
39
4
20
28
44
15
15
28
20
28
37
83
36
40
0
32
15
43
52
33
26
21
39
13
71
48
24
68
38
22
38
27
16
29
22
36
47
32
32
33
37
27
4
30
20
76
39
23
24
28
27
9
28
43
31
44
43
52
35
28
21
35
20
32
16
26
13
30
32
60
28
36
40
43
21
32
31
35
22
41
40
54
33
31
27
36
21
36
56
31
34
26
29
45
41
51
34
34
48
14
52
40
40
28
26
35
16
46
25
63
32
19
35
42
35
45
31
29
38
30
30
35
38
24
46
23
29
34
34
44
31
19
33
37
29
25
39
21
28
28
42
27
24
45
29
39
16
67
25
22
32
35
29
13
31
37
37
27
26
45
18
25
23
31
33
27
16
27
41
30
16
44
75
52
27
38
5
30
30
29
31
31
47
25
0
28
35
41
33
17
35
26
29
26
21
43
18
25
41
23
37
28
30
33
36
45
37
35
21
14
28
28
23
41
9
28
40
38
25
45
43
27
43
43
38
50
25
32
32
40
37
24
38
30
50
43
31
48
36
25
43
32
41
45
15
28
31
50
34
23
40
22
20
23
12
51
46
44
6
51
41
37
26
43
36
16
31
58
40
24
6
39
32
31
27
27
16
62
32
25
35
25
21
42
32
25
24
18
34
28
45
23
37
42
27
39
26
77
34
35
27
46
51
21
3
36
32
40
47
22
40
17
29
37
9
50
19
35
1
24
38
32
40
3
53
32
29
25
30
16
33
19
33
68
44
28
11
31
30
32
30
9
37
46
27
47
32
52
27
38
39
16
18
25
39
28
0
42
26
25
21
52
26
30
35
43
24
32
33
35
32
26
45
6
46
36
27
31
18
51
76
26
40
1
83
39
37
38
27
35
43
44
32
35
31
40
36
42
23
24
37
42
40
34
44
40
10
28
39
35
45
35
22
1
30
70
22
25
36
27
15
24
10
20
30
38
56
26
31
47
11
13
36
30
43
52
26
28
44
21
55
41
30
32
39
20
26
20
19
31
28
8
50
43
37
29
39
29
21
52
29
25
16
36
37
33
22
31
21
20
19
4
32
35
31
45
38
4
54
38
27
53
47
41
21
17
27
40
62
27
54
41
32
29
28
29
35
24
31
17
53
24
18
30
26
19
26
21
32
17
29
38
28
32
8
28
38
32
28
28
32
23
23
28
72
45
37
64
19
13
57
15
44
36
29
24
23
21
35
28
30
38
36
30
43
16
33
19
37
40
26
31
39
35
17
45
32
22
62
41
33
26
33
28
62
19
49
42
10
16
23
25
26
26
23
31
18
28
31
33
34
28
34
50
29
35
37
21
38
42
25
23
34
42
35
43
23
29
34
28
19
24
37
36
7
27
12
54
26
50
20
34
3
20
29
34
11
29
20
41
47
50
61
21
27
33
29
12
18
38
34
25
40
53
37
25
38
28
55
41
30
45
32
38
39
39
29
48
34
31
13
33
23
29
41
35
29
29
21
35
12
27
44
39
38
46
49
38
42
30
26
6
28
29
33
39
28
24
40
39
35
41
49
28
18
75
36
34
16
43
48
21
49
37
20
34
42
40
20
19
37
22
7
35
62
52
36
25
37
44
15
68
35
32
29
41
6
20
13
78
25
55
36
42
4
40
37
30
42
37
21
7
27
26
23
13
37
16
23
24
23
32
24
39
31
25
61
21
26
21
35
39
32
39
24
27
10
42
45
39
23
41
29
33
50
32
32
23
19
3
29
27
35
35
51
22
27
33
3
47
56
31
23
35
43
19
29
27
31
35
36
15
26
29
40
21
51
26
45
24
31
31
19
39
10
0
37
31
26
39
49
19
5
19
32
48
36
25
51
12
58
42
46
32
17
81
36
11
22
43
27
23
22
11
27
42
29
76
35
6
34
32
25
6
25
37
43
15
16
40
35
33
55
34
40
39
41
38
33
51
74
17
19
36
27
11
29
24
29
43
27
25
48
41
73
33
25
34
32
36
26
29
40
64
31
31
13
31
22
19
30
33
17
36
29
11
25
36
21
22
43
25
41
25
9
23
14
39
43
44
31
22
47
20
55
36
36
56
36
30
18
26
19
11
40
30
41
14
22
36
15
44
29
42
51
43
18
29
41
33
43
43
24
37
47
2
