62
69
33
46
45
55
7
63
73
58
56
67
48
34
57
40
49
49
59
83
46
39
76
54
37
31
27
72
26
29
44
53
30
54
41
52
55
22
56
41
35
22
59
68
1
44
53
35
24
54
56
37
45
66
65
33
55
64
72
46
9
98
44
15
25
36
50
43
47
49
20
44
58
39
52
59
35
49
77
51
45
70
27
54
45
49
30
60
75
36
43
64
61
30
37
46
52
48
42
57
58
50
48
43
35
59
66
79
43
34
60
10
64
54
14
45
30
62
22
49
78
33
46
38
17
44
92
39
86
39
60
30
69
37
54
48
67
50
68
41
52
15
9
58
70
54
26
34
60
29
40
64
86
29
50
51
38
41
82
58
47
71
58
60
76
45
70
49
85
33
72
68
66
51
40
61
78
28
42
47
56
90
56
67
33
57
48
22
40
48
49
57
18
44
33
74
49
58
65
71
38
67
45
34
24
37
37
37
52
43
47
39
55
43
79
40
35
29
40
91
33
56
57
7
41
49
48
2
45
49
29
39
21
49
44
54
54
30
27
47
50
72
44
11
56
61
40
47
49
41
64
75
64
23
37
41
74
36
43
74
41
54
53
68
64
56
61
48
59
40
38
35
21
42
63
59
49
52
44
51
53
24
42
62
39
24
87
38
46
76
54
70
42
63
71
76
51
66
52
73
38
33
41
49
34
16
78
68
64
72
47
40
40
48
45
41
33
53
31
33
77
44
52
62
76
42
15
46
51
37
45
43
73
41
39
44
50
19
25
61
83
28
80
6
83
111
54
51
56
69
40
52
72
67
25
46
59
65
31
40
51
44
48
68
50
69
61
37
67
42
56
13
36
51
46
33
37
52
31
22
72
31
46
61
64
64
42
22
47
54
34
67
81
48
42
51
57
6
57
50
48
38
51
77
39
63
56
14
41
29
40
50
29
47
54
62
41
70
82
46
58
44
47
81
42
79
69
42
63
68
61
45
59
58
49
40
39
5
47
79
46
56
53
85
57
36
52
37
34
51
34
72
32
58
65
45
54
37
61
43
32
54
32
43
1
40
9
29
43
54
41
36
43
39
57
68
44
38
45
52
51
73
61
38
69
60
67
37
41
41
40
41
41
47
39
45
78
58
32
41
36
31
40
57
42
58
5
52
35
57
71
50
58
29
28
81
58
40
66
48
15
57
22
19
33
41
31
30
46
58
12
15
60
42
40
61
58
51
57
42
32
55
43
76
50
35
47
42
72
47
51
46
61
59
33
41
56
49
83
63
41
50
44
65
36
61
56
62
67
59
51
48
37
57
65
51
53
66
52
30
56
37
55
41
58
47
48
45
39
43
21
32
47
51
50
73
54
37
55
22
50
4
63
48
62
33
30
48
22
43
37
33
65
65
37
51
44
64
60
60
58
54
23
45
39
61
50
28
14
47
55
51
38
85
82
35
58
50
53
71
47
39
42
79
57
42
31
58
55
36
34
49
52
41
35
74
57
26
61
14
54
80
37
58
66
81
27
41
63
44
46
56
35
54
63
41
18
45
56
57
42
43
39
49
65
57
3
51
47
32
54
58
86
54
51
26
96
66
36
37
68
33
26
54
55
36
13
34
65
44
65
73
91
35
78
52
38
60
71
66
47
54
39
52
20
54
60
42
14
45
58
43
71
49
54
64
65
52
34
27
89
40
16
43
38
67
51
43
42
61
78
68
50
71
63
57
49
57
49
22
16
45
26
56
29
64
68
42
72
38
73
61
48
58
23
63
18
12
36
36
44
21
39
53
41
54
35
50
46
57
56
60
38
38
39
67
36
39
65
40
48
39
78
50
41
31
56
69
25
51
50
50
16
46
24
60
47
42
32
46
41
64
52
48
46
35
70
58
39
64
67
38
81
57
57
27
51
87
63
35
58
45
37
61
50
62
54
61
40
50
83
67
57
46
49
60
77
55
60
53
54
39
61
54
57
70
51
61
6
40
43
36
53
59
61
36
48
76
51
34
64
39
31
56
39
77
54
69
23
27
44
70
52
55
60
22
15
32
60
59
54
27
62
18
34
37
40
50
18
55
56
45
54
21
34
53
64
59
48
47
63
61
29
26
34
70
56
62
25
27
50
35
61
38
57
84
29
46
72
44
50
44
58
27
40
70
54
44
59
47
54
34
57
49
75
49
48
25
57
57
66
49
58
44
44
65
35
70
53
48
44
13
39
51
61
60
67
33
93
53
39
54
51
28
59
52
16
50
90
34
72
1
49
63
29
50
35
48
42
83
