29
8
60
38
54
60
36
55
74
51
63
65
44
33
70
74
23
84
62
30
46
55
57
80
68
14
17
44
38
33
51
30
26
41
23
55
51
64
80
44
22
70
64
43
49
19
57
68
3
54
40
64
65
93
61
62
19
59
45
55
68
41
70
56
64
46
23
47
48
33
58
36
67
48
52
46
52
58
38
63
72
65
74
55
59
33
71
47
74
16
49
72
51
33
75
88
45
54
46
59
64
60
63
62
65
58
40
76
23
70
92
74
50
19
73
38
56
55
56
51
18
24
86
56
48
42
28
50
54
67
6
34
14
87
36
49
36
65
17
54
39
50
24
65
67
33
55
18
66
54
49
53
59
46
29
69
54
38
48
75
27
53
48
57
70
41
45
71
57
58
39
27
34
2
74
33
95
55
64
74
35
63
32
65
79
9
63
37
75
62
48
45
81
65
40
63
78
2
66
26
45
63
58
22
39
71
53
18
56
52
35
27
7
51
52
61
50
49
56
50
60
67
56
63
63
2
51
67
53
28
33
65
51
70
57
52
57
28
76
69
52
40
25
64
79
45
66
79
46
22
23
72
76
23
13
34
39
63
59
44
43
46
42
25
42
44
45
10
42
29
22
71
57
47
45
52
80
43
78
62
17
41
48
64
71
23
74
46
36
89
50
37
55
70
42
56
52
42
64
63
60
48
50
36
59
44
90
45
55
60
35
68
69
17
29
77
66
43
81
49
43
59
30
5
52
44
33
59
61
67
52
68
71
69
37
36
60
67
68
35
29
61
30
53
58
63
38
36
23
52
60
60
30
57
36
19
37
70
74
42
81
48
55
57
48
62
15
25
47
55
54
60
55
34
117
36
51
45
59
63
76
17
66
58
24
49
61
80
69
66
48
66
19
36
31
61
29
33
29
37
30
60
50
62
31
59
52
50
4
46
33
54
80
58
62
75
68
40
66
40
54
92
48
34
48
40
53
34
55
65
68
78
67
57
34
41
48
46
53
77
75
44
7
78
34
15
75
53
55
81
45
72
57
57
61
54
81
38
53
43
93
56
49
53
40
49
69
62
81
89
25
58
54
56
42
75
47
0
6
72
43
1
59
69
64
78
39
16
47
45
16
77
30
50
56
70
38
17
26
64
59
61
51
56
71
50
72
77
26
43
63
22
80
50
57
1
47
39
55
73
72
68
14
75
65
20
69
54
56
65
78
38
84
33
56
44
25
87
42
33
54
28
47
40
68
57
46
36
60
51
44
57
68
34
54
40
16
48
53
43
41
38
74
76
88
33
63
48
50
55
44
31
71
22
65
50
68
50
58
47
42
71
43
39
20
49
62
55
3
60
65
45
52
4
18
66
56
62
71
34
76
40
79
11
35
52
48
2
34
65
77
59
35
45
33
47
49
55
38
47
64
52
79
66
63
48
52
28
48
26
16
50
77
71
74
50
28
83
60
44
89
69
32
74
62
28
30
61
55
45
45
53
22
85
59
43
43
54
48
41
56
44
20
87
56
57
45
19
51
66
62
47
54
80
61
5
60
68
41
39
40
42
50
24
68
72
47
69
45
52
47
44
46
49
75
78
46
34
4
62
42
62
53
16
61
57
32
17
30
42
63
58
42
55
54
3
38
30
74
42
49
57
63
30
62
67
37
57
93
66
76
84
49
66
54
60
70
32
72
37
53
76
39
113
51
32
77
63
84
81
49
52
48
64
76
12
50
57
46
76
77
65
74
41
40
30
42
74
71
42
114
3
29
44
101
63
63
40
43
10
84
65
65
60
35
24
50
19
67
35
38
42
64
56
35
54
17
87
48
21
73
72
67
70
43
101
85
24
47
62
49
72
30
63
66
69
79
33
66
53
50
51
53
51
65
33
33
76
42
48
43
40
48
66
61
44
62
78
53
19
53
86
60
89
52
22
81
67
52
55
36
37
64
6
13
39
60
100
45
67
69
48
70
61
77
23
78
62
62
40
61
37
67
39
58
63
40
56
67
53
32
54
72
52
53
86
68
41
31
57
75
43
52
39
51
77
45
54
69
18
17
28
46
39
60
23
50
62
104
48
52
87
70
38
58
36
61
47
72
75
83
56
17
7
82
42
34
28
29
62
73
68
78
51
76
42
40
46
54
47
31
47
73
43
28
60
72
29
49
56
45
35
45
22
55
63
56
43
55
52
41
46
73
60
27
65
72
53
64
67
25
69
44
23
108
40
65
62
64
48
79
34
40
72
36
68
32
41
73
48
33
74
40
32
20
77
33
77
56
70
