39
57
31
43
51
28
29
15
47
21
30
47
26
24
14
27
24
45
23
19
32
24
22
39
30
49
37
11
33
38
24
32
19
32
29
22
22
51
42
30
53
35
20
29
42
25
45
25
26
38
34
31
25
37
16
49
15
24
22
30
18
49
35
17
19
35
31
43
27
10
39
32
40
48
16
43
34
25
14
20
34
25
7
30
24
23
25
14
24
3
29
36
12
19
20
40
32
24
25
32
30
31
29
22
25
35
7
44
41
32
22
34
22
12
13
55
35
16
16
39
41
17
39
30
34
37
33
19
32
18
10
56
48
19
8
1
12
15
29
7
35
21
19
38
33
58
43
19
24
14
12
4
38
41
17
39
16
56
20
46
24
4
33
11
40
39
23
19
26
45
27
37
33
29
27
23
16
33
31
18
21
33
36
37
25
31
39
49
39
22
18
31
45
32
29
34
8
20
17
27
26
23
18
27
18
16
31
34
30
37
25
29
37
46
62
1
40
42
45
29
40
29
55
25
17
28
36
34
10
9
14
41
15
32
35
22
17
49
39
8
6
27
40
37
17
38
30
17
28
24
26
37
18
32
5
36
26
34
39
24
12
19
36
24
18
21
43
4
18
20
48
30
17
24
41
35
24
54
32
5
36
28
19
28
35
4
38
29
32
35
34
23
28
51
23
37
29
36
31
31
35
23
35
15
46
26
44
39
55
25
33
13
8
35
28
30
32
40
44
54
34
15
29
30
46
22
24
17
38
14
27
47
20
31
28
19
50
38
20
13
19
35
26
22
10
23
33
20
35
31
23
24
36
27
21
45
43
30
22
35
23
24
18
19
48
21
33
36
21
26
21
23
40
41
40
12
27
29
40
20
35
29
20
34
28
27
67
26
13
36
41
28
30
35
32
30
17
39
19
47
14
47
41
35
26
4
22
45
17
23
12
32
23
30
31
22
25
31
17
22
32
32
22
37
21
35
47
43
49
18
44
27
42
30
29
26
54
36
23
30
45
19
27
49
47
24
15
21
26
22
30
33
30
42
21
21
26
43
21
9
51
22
35
23
24
48
36
35
25
16
23
29
39
29
6
22
45
39
28
19
47
34
18
61
27
29
34
27
18
23
18
34
54
34
21
20
32
20
43
45
18
28
21
21
50
24
17
20
28
26
33
34
14
28
15
48
41
25
20
34
28
39
25
27
3
59
38
14
8
45
20
40
37
21
6
27
17
39
22
21
15
24
26
38
46
29
29
33
29
29
25
26
39
42
27
32
40
28
24
31
31
16
17
24
34
20
29
40
9
38
37
30
28
53
37
31
41
7
41
22
35
34
13
49
16
40
2
15
21
20
25
33
33
40
26
32
1
37
15
56
35
34
37
24
49
17
21
19
49
6
10
15
29
18
42
20
40
32
29
28
42
16
11
11
29
24
41
29
19
18
32
28
42
23
45
21
22
44
38
24
42
23
30
32
38
23
22
9
28
14
16
26
53
32
18
25
21
32
29
35
32
23
33
25
40
21
7
32
11
20
49
43
19
26
38
46
28
41
25
29
25
36
32
25
18
24
44
32
17
26
21
41
40
30
30
60
21
21
9
48
8
44
21
42
12
34
35
16
24
35
11
34
45
30
18
37
39
6
40
43
8
24
35
52
20
20
64
28
45
31
41
29
31
36
26
22
51
19
28
31
14
27
30
36
11
26
29
41
21
36
39
38
6
32
33
29
37
41
45
8
42
23
32
30
32
41
18
33
11
29
29
35
19
28
25
28
29
43
51
31
27
49
35
2
10
32
27
40
31
10
26
21
34
46
40
28
33
33
30
35
36
16
51
27
18
32
34
51
27
24
17
43
23
20
15
27
43
9
30
35
9
24
30
20
25
36
23
24
37
30
20
23
43
19
23
28
42
13
44
28
26
27
9
36
29
23
53
29
25
37
27
23
13
15
26
26
14
26
21
46
51
15
29
30
41
28
31
14
37
26
38
18
36
30
26
56
26
15
38
18
30
16
10
40
15
25
35
14
42
31
24
22
16
26
15
64
16
43
26
21
32
14
43
44
20
52
34
10
28
18
35
15
20
36
44
22
50
14
19
24
52
16
23
2
38
32
30
43
38
22
6
20
55
7
18
26
57
63
44
33
17
35
25
35
19
27
43
19
32
52
32
42
18
22
19
23
28
34
23
28
31
15
15
35
22
47
42
21
30
16
36
41
16
18
8
26
27
42
18
35
31
27
12
15
51
29
23
13
27
28
26
13
20
37
39
34
27
34
32
17
