44
32
21
40
55
24
40
28
21
2
38
67
14
26
31
57
50
34
43
61
51
41
50
71
34
36
33
36
19
40
54
38
40
40
48
35
22
37
29
59
79
30
42
52
26
59
44
51
13
33
46
29
25
62
22
39
49
39
42
44
62
50
41
40
54
44
27
40
11
50
10
48
35
60
17
47
46
67
46
34
29
23
39
47
35
44
42
57
32
27
57
25
38
19
27
24
8
26
60
56
48
10
44
44
29
32
34
27
50
21
55
12
38
37
13
54
40
36
36
45
61
61
47
35
36
9
35
31
42
43
59
57
40
50
48
41
44
20
31
19
29
39
55
30
48
53
43
26
54
30
45
26
22
54
29
15
32
46
21
38
38
64
35
8
29
42
34
29
41
31
16
34
59
44
63
48
39
53
12
40
49
47
19
40
46
48
49
41
29
38
46
30
48
50
60
40
47
37
24
38
35
40
35
48
49
26
40
30
47
12
44
35
25
63
27
56
47
41
47
69
50
34
53
26
58
31
30
21
34
28
45
46
47
54
45
37
54
53
55
59
26
45
46
35
59
62
30
32
51
38
35
38
63
66
59
42
46
50
45
59
28
3
46
28
19
43
31
46
35
19
58
15
49
40
26
38
22
67
48
31
50
29
38
44
32
38
46
48
19
43
31
68
49
41
40
33
50
40
36
60
42
45
27
27
24
24
39
44
27
59
43
18
15
46
13
29
54
45
48
40
52
56
29
32
47
33
37
40
9
61
60
28
53
52
24
20
36
44
13
50
54
38
46
52
3
41
26
54
47
44
35
37
56
36
52
41
45
17
37
61
24
20
38
56
41
35
51
47
55
63
54
37
22
28
62
59
22
49
29
32
26
40
32
28
33
33
42
42
15
26
23
62
38
22
21
31
57
34
30
42
52
50
52
46
37
57
3
22
61
45
30
40
56
57
48
35
37
6
47
27
53
43
37
31
64
44
51
3
50
56
32
45
26
60
41
57
44
45
29
9
60
39
33
58
44
4
43
5
34
53
58
38
64
39
29
42
26
45
31
21
68
47
54
32
34
24
28
28
44
62
53
27
22
40
44
22
39
23
32
60
28
59
23
23
51
50
62
28
46
34
32
42
52
50
19
37
39
42
55
45
42
40
45
39
52
24
41
25
36
33
48
42
22
49
41
27
17
52
46
38
34
40
30
54
51
45
39
27
63
35
48
47
44
50
24
55
37
41
58
2
34
49
64
27
47
61
37
59
43
17
21
34
51
52
35
47
31
36
38
29
54
36
40
75
40
46
51
59
15
10
10
34
48
42
43
41
44
38
30
33
35
29
54
39
16
58
12
14
21
46
11
38
46
33
45
38
54
42
57
40
46
32
43
48
53
30
39
19
57
18
32
75
20
37
43
27
28
44
55
22
45
37
43
47
42
30
59
50
31
51
36
21
12
50
2
52
35
29
36
17
27
39
1
55
55
28
43
37
70
46
34
44
42
24
48
24
52
38
72
35
22
40
30
16
43
40
23
37
14
42
37
23
48
49
36
35
34
43
36
43
28
54
50
46
36
36
29
75
4
47
37
34
43
52
38
27
33
19
40
56
49
57
32
36
48
28
36
35
50
43
20
54
60
22
37
37
48
49
40
47
45
45
45
23
73
37
24
57
39
35
24
38
47
27
49
58
46
39
32
37
21
47
49
33
31
24
47
48
37
42
68
45
34
55
38
56
42
42
42
51
26
39
68
19
21
33
31
38
61
36
38
42
19
21
59
18
42
46
29
20
17
40
25
32
36
31
13
41
25
44
31
52
19
45
44
35
55
32
52
39
72
29
34
21
45
25
34
35
24
42
41
39
39
49
54
39
24
34
40
36
35
36
18
35
50
27
20
40
61
27
43
51
41
52
45
41
30
58
44
58
63
14
53
27
65
52
41
68
25
52
48
31
28
32
33
36
37
46
38
13
36
33
59
27
48
43
43
28
58
25
36
37
36
57
35
42
64
51
37
40
49
43
62
51
41
60
48
36
30
47
34
38
35
44
38
32
48
65
19
59
4
64
58
11
43
25
21
57
46
53
46
26
46
27
35
28
49
40
10
26
42
68
33
56
21
49
24
52
51
33
7
45
60
34
65
41
23
51
36
51
36
60
62
30
29
65
28
35
53
26
27
27
33
44
48
37
34
19
42
37
19
43
64
23
51
11
51
67
47
48
48
61
48
39
46
43
14
30
43
47
11
50
34
12
35
60
50
37
16
29
33
35
64
48
39
33
75
42
24
32
