24
37
32
25
3
24
17
46
58
50
31
32
34
74
37
32
53
23
55
16
39
43
43
35
42
64
28
55
19
32
41
33
39
61
47
35
41
70
60
37
8
67
37
27
11
31
33
49
50
41
85
59
41
27
12
22
42
59
43
36
42
58
32
51
62
42
30
29
32
41
65
29
23
33
48
19
60
38
47
27
33
40
80
32
30
67
51
11
36
18
45
54
59
55
28
53
43
31
50
57
58
46
54
36
37
55
27
36
40
43
52
57
52
60
66
23
44
27
63
53
81
45
39
51
39
29
30
83
72
37
70
32
35
52
38
64
43
48
53
58
50
41
43
56
4
37
38
53
60
26
45
27
53
57
39
51
47
47
35
49
46
54
58
46
40
19
28
41
49
39
49
39
51
39
28
52
39
43
30
50
24
33
47
43
36
40
24
59
49
54
47
46
44
48
59
52
36
41
23
61
46
35
32
47
23
50
35
22
53
47
41
37
42
40
60
71
40
52
45
31
37
41
52
46
42
41
43
38
31
44
52
74
42
40
31
39
31
62
62
11
41
39
45
43
27
40
60
50
36
55
52
19
37
35
53
21
36
38
43
52
34
36
24
60
8
47
44
23
45
34
45
11
46
37
41
50
40
67
62
45
78
61
31
37
63
57
51
30
27
39
47
50
49
65
19
14
60
38
16
55
39
26
59
43
56
44
52
42
38
57
57
37
67
51
42
52
50
34
46
46
43
35
76
43
19
31
51
56
42
46
51
30
41
65
29
7
53
42
36
24
39
43
21
54
43
28
20
57
22
34
46
41
49
56
28
36
23
54
36
38
28
20
28
52
38
41
36
30
49
61
73
50
52
34
43
43
40
37
19
44
40
38
32
60
32
28
30
21
16
36
39
54
45
70
30
56
46
32
48
77
52
32
53
58
40
24
40
44
20
34
65
24
46
56
44
29
47
52
31
46
46
43
36
30
29
40
51
21
37
58
26
44
55
44
53
47
79
48
26
39
59
68
70
36
43
47
49
56
39
45
52
19
60
41
52
27
50
51
33
47
40
45
47
67
24
60
49
21
31
44
50
48
57
40
38
47
32
34
54
55
48
30
39
71
46
15
67
27
52
39
27
38
47
65
22
50
20
49
43
50
43
36
16
38
42
36
1
53
37
27
48
41
35
25
35
68
14
56
42
45
54
14
52
28
49
45
48
41
11
46
58
46
58
51
56
56
14
38
19
53
50
47
48
41
55
40
53
54
41
26
59
67
46
50
47
47
27
68
51
47
9
7
50
32
32
77
17
4
38
32
42
39
71
34
31
30
54
24
37
54
49
42
43
47
29
41
45
41
72
19
30
45
48
50
44
50
37
55
21
24
38
5
49
45
47
28
59
38
50
17
65
32
48
37
57
62
31
43
41
47
16
59
27
33
36
33
29
51
17
57
43
49
34
28
8
40
35
50
25
29
14
22
63
36
50
69
51
33
64
24
75
42
47
53
46
55
79
54
47
51
45
43
46
28
70
33
49
66
45
41
40
50
57
42
55
48
14
26
57
51
44
51
31
55
43
36
47
18
56
55
53
38
79
59
40
39
29
47
32
47
57
15
45
39
47
46
16
16
72
44
21
30
33
57
23
34
33
40
72
46
37
35
49
34
76
62
42
42
46
50
53
41
18
34
52
22
52
43
9
37
44
50
28
28
24
27
21
43
33
28
42
38
38
42
38
42
19
22
29
31
44
51
32
57
25
55
54
46
42
60
38
45
44
36
52
50
21
18
47
37
61
20
49
54
27
62
27
53
23
32
61
25
50
75
17
40
40
33
55
41
25
14
47
39
37
43
19
24
37
40
43
46
44
43
60
45
37
43
59
59
28
76
34
49
38
54
39
61
18
39
48
39
38
30
82
39
37
41
33
56
45
50
53
18
50
46
23
51
35
65
54
38
41
33
52
31
50
3
49
49
39
45
50
34
55
48
33
49
46
60
59
33
21
53
46
50
69
22
56
49
44
50
38
26
26
62
8
39
30
47
50
21
46
38
28
60
65
38
55
35
44
34
12
48
41
16
49
41
6
65
32
34
50
57
39
23
44
67
38
53
41
44
34
24
49
38
44
26
51
67
39
41
58
21
27
56
51
60
53
22
62
35
32
49
66
51
33
51
65
35
60
8
59
18
48
27
39
28
54
17
27
52
53
27
20
44
40
32
54
48
29
46
36
21
34
55
32
43
52
17
39
30
84
49
39
48
44
0
52
38
46
43
38
46
56
0
46
34
40
60
