64
61
77
59
47
43
51
61
52
47
46
57
56
25
44
55
43
3
71
65
47
73
41
45
49
59
41
50
47
32
64
60
36
62
59
63
69
40
78
78
63
36
46
52
30
34
73
60
36
59
54
49
56
32
32
46
50
58
44
59
26
63
66
58
56
58
50
51
72
42
65
51
60
70
66
62
66
71
67
30
50
67
64
58
77
43
76
61
60
68
59
66
43
59
69
55
14
65
47
72
24
96
57
51
47
54
52
63
20
49
60
56
55
44
64
46
29
18
47
57
50
62
70
70
70
51
64
69
58
25
34
34
41
68
44
38
45
55
66
55
51
62
46
12
55
69
65
51
36
27
58
75
57
38
12
50
60
40
50
42
46
50
52
45
39
52
28
37
61
55
29
24
55
30
61
64
34
19
41
42
51
58
62
69
58
42
57
35
57
30
74
70
60
60
61
65
67
34
66
56
37
80
39
38
40
67
43
51
65
53
60
43
42
66
67
59
80
13
77
72
45
6
49
54
59
65
48
39
54
60
44
37
85
52
21
56
68
60
5
44
45
20
54
47
51
4
19
55
43
49
44
59
28
42
16
64
66
48
56
38
19
72
59
45
10
44
49
60
34
45
47
48
51
67
54
60
36
34
46
45
44
71
66
42
57
32
5
76
18
61
57
51
45
46
44
39
45
30
28
55
43
55
56
52
53
32
56
96
22
38
41
26
50
30
67
53
4
47
70
46
22
43
68
62
45
42
42
48
59
53
50
39
49
83
59
29
48
32
67
38
25
71
42
49
42
61
41
53
71
52
54
47
53
45
69
26
55
49
73
38
37
27
14
45
56
41
73
63
39
52
38
45
54
69
58
75
38
30
59
78
61
25
37
62
35
46
47
3
63
67
78
39
62
2
54
47
33
33
61
60
53
39
59
51
46
62
82
70
45
51
51
53
67
34
69
60
54
44
26
33
28
52
68
60
59
65
78
78
37
65
32
23
70
85
68
26
53
33
48
68
84
39
3
62
35
56
46
67
48
49
18
50
45
62
49
29
87
33
52
25
61
63
40
49
60
50
76
42
23
41
53
47
72
62
73
64
59
40
45
41
44
49
70
44
61
31
81
71
90
65
43
19
50
52
61
40
42
57
41
63
2
49
38
2
52
59
49
69
53
43
39
50
37
56
38
61
26
7
44
66
22
41
39
60
54
36
67
37
73
55
41
51
58
53
40
41
52
40
12
57
37
38
40
41
33
46
53
58
28
3
20
57
47
30
48
48
36
44
69
67
67
55
44
31
62
77
45
45
49
62
52
60
79
18
51
60
37
49
53
46
52
32
48
42
47
40
31
43
42
39
73
51
52
47
49
59
25
43
48
69
61
44
48
61
22
72
53
13
38
80
28
38
38
45
40
63
36
75
63
41
27
58
60
55
41
75
46
51
62
49
57
1
53
22
39
43
60
22
54
28
43
48
59
60
75
57
33
77
61
51
46
72
47
71
27
58
53
76
51
32
37
70
68
57
52
66
64
72
40
50
59
47
37
62
14
69
47
33
69
43
65
74
33
40
46
49
45
52
38
14
74
39
6
42
52
51
54
23
63
39
28
45
77
59
62
81
73
42
72
53
57
67
45
25
56
37
34
50
72
64
39
30
63
77
26
46
51
66
34
63
64
47
76
30
76
46
51
46
60
56
49
32
61
51
71
45
45
50
73
70
56
67
47
54
42
14
35
43
23
74
68
43
60
45
38
37
33
43
39
77
63
46
76
53
26
48
62
34
20
24
44
30
62
11
52
61
48
70
20
58
68
69
34
42
27
38
42
51
66
32
30
65
69
50
48
77
63
79
15
69
55
67
45
45
70
37
44
53
66
70
47
8
34
45
18
59
42
71
51
83
33
13
40
47
76
15
49
31
54
39
37
66
33
69
23
43
59
60
44
53
23
61
60
40
45
34
57
55
70
39
73
68
13
42
66
58
16
42
51
53
66
63
33
21
63
36
46
30
46
46
47
58
51
67
48
63
47
50
72
58
38
41
48
42
29
58
37
61
42
66
67
55
50
56
72
56
66
31
39
4
49
54
35
44
61
57
40
29
67
50
42
66
37
9
56
53
51
60
46
57
34
62
58
41
55
53
55
55
57
48
52
52
49
51
49
45
55
60
54
68
69
52
44
40
59
60
8
58
61
59
38
69
40
40
52
53
56
60
69
66
55
56
29
76
67
34
66
64
35
62
66
63
61
54
56
54
50
7
39
56
68
51
46
68
62
36
55
77
50
67
