40
23
36
22
18
22
44
20
33
31
33
35
32
52
33
40
39
33
49
36
28
42
24
36
32
36
33
17
37
18
42
19
10
46
21
33
37
12
31
25
53
32
38
38
17
48
20
27
36
39
64
39
37
15
30
27
41
36
35
34
52
31
32
14
37
52
40
31
45
27
26
22
36
43
48
18
34
26
42
47
23
29
37
41
46
35
37
46
24
36
30
29
34
42
24
34
35
21
36
30
30
18
23
38
18
38
25
42
24
35
32
40
35
37
45
16
53
26
23
4
40
19
28
46
16
40
31
21
33
60
32
62
40
44
24
23
31
44
44
43
40
16
18
42
36
43
38
23
39
31
26
44
16
34
56
41
39
33
42
31
47
45
19
55
39
44
29
24
37
9
42
11
37
27
39
34
37
39
33
41
38
20
29
26
10
25
31
3
29
36
46
33
33
44
40
32
17
37
22
35
38
0
28
23
49
35
38
48
30
48
32
37
53
46
36
45
30
44
32
42
35
1
25
21
44
32
27
45
33
32
17
9
28
25
34
35
3
41
24
39
25
39
35
15
17
37
32
39
8
18
26
36
30
46
47
32
3
26
37
48
30
25
38
28
31
38
40
39
27
41
38
22
31
49
52
22
41
35
38
28
17
25
33
28
36
30
38
44
39
22
46
17
44
38
42
11
42
22
20
33
34
19
58
44
25
38
22
22
46
52
42
35
35
35
35
45
21
42
11
51
25
32
31
19
27
13
23
35
36
29
27
50
22
24
37
21
39
34
42
34
10
35
52
20
5
54
40
47
48
39
35
53
33
23
42
33
35
27
31
38
50
46
10
47
38
29
24
26
40
35
25
41
38
35
38
31
21
14
39
34
45
32
20
50
44
39
31
43
31
18
26
22
14
40
34
41
47
14
30
30
45
29
40
45
35
23
26
16
40
37
48
41
42
27
36
34
33
3
32
24
38
41
46
33
32
41
42
11
35
30
40
31
19
34
40
35
31
48
58
36
19
49
32
42
39
15
12
16
22
40
37
45
41
22
44
48
49
46
10
38
4
13
34
36
36
30
46
41
27
43
26
36
60
27
40
41
37
33
13
26
29
13
48
35
20
24
43
30
37
24
30
16
27
47
24
27
32
30
22
35
33
41
30
12
50
38
31
43
31
35
37
25
32
37
20
25
44
49
35
19
8
21
30
31
35
38
42
36
38
40
2
29
42
28
47
29
7
32
23
28
31
26
36
32
43
35
41
50
29
40
50
13
33
37
35
30
32
35
41
36
38
28
39
32
31
29
10
18
35
36
29
27
69
28
43
36
25
40
41
29
40
11
20
18
26
26
42
37
25
21
24
41
41
58
39
19
44
34
37
26
25
19
33
16
37
52
21
19
27
36
34
43
43
17
49
39
29
35
43
17
39
40
21
28
33
23
37
5
39
40
42
6
28
24
25
28
38
9
23
33
38
54
56
17
29
22
20
31
50
16
69
24
46
18
48
39
40
26
46
49
38
44
19
53
42
33
23
39
34
46
36
31
26
50
24
22
18
9
65
29
23
19
45
41
32
32
27
54
25
22
50
33
19
39
35
37
15
35
24
12
47
36
0
32
38
42
38
23
24
36
25
36
46
29
37
39
37
29
28
51
47
29
33
28
36
27
51
32
49
40
35
21
27
46
43
28
40
23
28
50
21
35
11
4
27
17
41
35
46
39
35
22
34
14
29
28
30
48
37
48
47
32
44
20
52
24
19
49
44
16
17
41
30
23
42
29
27
31
41
27
39
44
33
43
35
30
29
53
24
18
42
29
41
36
30
20
44
41
13
13
3
17
2
19
29
28
46
48
29
21
38
36
37
24
36
26
40
41
42
25
34
23
30
30
46
35
44
36
42
39
28
42
43
52
42
34
36
37
19
43
27
37
22
28
38
11
36
22
32
36
32
30
24
19
61
44
16
37
40
26
38
15
18
33
32
32
30
27
24
42
48
43
13
34
32
26
28
19
32
32
3
49
36
25
42
34
8
43
36
15
7
28
37
49
52
36
10
37
40
36
26
43
39
17
24
31
33
30
28
32
49
27
23
21
21
37
43
38
46
41
35
41
27
12
44
27
58
36
26
26
33
38
39
36
37
26
23
22
53
40
27
36
29
51
53
23
25
39
43
43
22
38
35
27
46
30
28
39
50
38
54
48
36
29
32
38
42
23
54
15
35
15
36
19
17
43
42
20
43
25
41
28
16
25
42
22
18
44
37
19
36
36
23
35
5
10
43
38
37
18
