3
18
60
47
42
32
48
54
48
51
75
65
25
43
62
69
57
62
47
67
49
45
27
24
38
59
40
54
31
74
48
56
49
80
89
45
56
39
30
19
57
49
32
43
29
61
46
71
50
42
66
65
41
50
29
35
67
17
55
23
48
36
46
55
39
56
38
17
40
45
36
50
24
58
34
61
39
65
22
20
21
40
40
42
30
36
24
61
61
32
1
46
29
54
65
47
51
46
50
47
41
46
43
49
47
67
45
6
54
48
49
23
37
35
70
25
59
50
37
69
32
33
47
17
32
41
35
37
13
32
24
20
49
26
38
53
56
55
46
38
46
39
56
57
49
42
28
36
40
32
36
63
11
52
50
22
64
36
57
52
60
40
5
4
41
50
51
38
54
49
48
5
28
36
46
35
17
16
56
42
40
25
65
7
50
20
66
31
34
43
13
17
32
43
51
34
22
9
45
51
50
56
31
12
30
67
33
49
71
63
28
30
39
70
41
32
43
55
45
45
64
34
32
58
28
67
11
55
53
38
32
74
60
34
59
22
39
32
48
58
43
48
31
23
55
46
72
41
57
58
52
42
48
50
47
43
43
72
32
52
40
40
49
38
49
46
41
41
17
22
42
42
55
33
32
11
67
17
69
66
18
66
32
31
50
45
40
55
61
45
37
70
30
54
61
47
51
73
53
53
34
67
45
37
41
60
41
46
53
54
33
68
42
72
55
22
76
27
23
38
37
51
25
49
55
38
50
25
39
36
42
37
42
14
36
2
15
38
53
32
29
34
30
33
47
45
44
26
37
40
57
31
34
53
50
35
29
68
71
21
57
57
32
69
39
64
50
43
57
56
47
45
33
44
34
43
34
39
28
43
75
35
35
44
19
15
27
38
51
36
54
25
32
32
59
63
41
38
20
33
27
44
47
46
26
45
94
35
29
44
87
70
25
30
50
30
22
18
70
32
76
46
15
45
55
61
58
67
58
11
51
61
41
70
44
14
79
26
40
40
57
60
17
58
53
55
48
37
45
53
49
40
56
59
73
56
51
50
54
66
67
38
60
46
56
35
56
52
26
54
49
44
70
39
57
36
66
66
41
17
29
48
40
21
39
44
64
40
60
10
46
49
24
58
40
55
55
56
57
49
41
63
24
67
74
57
49
42
39
59
46
47
60
34
42
19
60
39
56
33
23
28
52
58
33
67
18
24
48
45
54
42
32
61
55
25
28
38
46
37
57
38
53
10
45
43
50
43
43
70
61
52
22
39
56
24
35
38
35
72
33
48
58
42
38
37
56
27
39
42
38
69
42
54
46
19
54
59
32
33
59
42
54
4
52
33
39
60
49
10
54
45
33
67
43
65
61
19
62
34
56
44
50
64
61
46
50
54
37
67
38
58
56
61
32
43
62
7
35
43
56
28
47
36
35
49
29
66
62
3
32
79
63
39
53
27
53
66
41
60
54
59
55
36
78
63
45
18
13
72
41
36
54
33
62
53
52
34
16
26
31
65
35
17
60
48
25
37
66
72
27
31
40
47
73
55
39
60
35
66
26
39
35
42
53
46
22
54
61
53
67
68
60
82
18
59
48
47
37
64
26
56
26
53
59
47
66
57
13
35
23
47
48
58
28
31
44
60
12
51
13
46
49
35
28
56
2
41
53
60
36
26
34
45
40
50
50
46
39
25
31
37
5
51
44
51
53
45
49
48
52
52
60
43
84
49
48
82
69
61
53
42
15
55
30
51
42
42
60
62
38
49
54
42
60
82
57
43
43
36
50
31
49
57
23
66
55
35
50
45
42
27
35
60
62
55
75
40
27
43
40
38
37
73
17
59
50
30
42
17
41
75
44
44
39
30
51
48
48
48
47
54
48
32
54
58
51
29
32
32
35
43
14
34
23
42
29
35
29
42
57
42
47
35
56
73
54
42
34
21
30
58
66
29
37
15
60
73
64
41
67
70
50
36
38
55
46
70
19
28
74
46
38
12
37
24
36
31
43
29
18
54
29
47
38
34
52
58
38
49
41
43
46
68
40
55
54
37
41
27
37
51
44
30
24
42
53
35
45
79
39
25
47
32
37
56
33
39
48
28
57
35
55
30
41
50
43
51
40
55
56
44
60
59
55
56
40
62
47
38
60
33
46
58
14
25
59
54
43
4
72
67
25
55
76
38
47
40
43
11
38
64
18
60
18
73
53
58
30
59
49
27
54
45
49
59
56
48
25
32
48
19
44
59
46
43
52
24
39
68
48
52
39
20
51
12
16
56
41
45
