0.003459
0.00372
0.003165
0.00345
0.003455
0.003409
0.00341
0.003431
0.003302
0.003441
0.003435
0.003489
0.003707
0.003373
0.003734
0.00372
0.00377
0.003673
0.003318
0.00359
0.003439
0.003379
0.003506
0.003477
0.003476
0.003361
0.003464
0.003491
0.003403
0.003525
0.003382
0.003342
0.003695
0.003426
0.003287
0.003547
0.003562
0.003465
0.003685
0.003575
0.003716
0.003856
0.003501
0.00379
0.003514
0.003537
0.00358
0.003516
0.003588
0.003483
0.003606
0.003597
0.00378
0.003649
0.004056
0.003719
0.003506
0.003554
0.003512
0.00361
0.003584
0.003417
0.003682
0.003803
0.003713
0.003713
0.003745
0.003736
0.003369
0.003715
0.003733
0.003711
0.003554
0.003661
0.003661
0.003963
0.003966
0.003768
0.003703
0.003585
0.003623
0.003711
0.0037
0.003715
0.003587
0.003657
0.003733
0.003666
0.003421
0.00375
0.003718
0.00363
0.003533
0.003632
0.003595
0.003666
0.003553
0.003555
0.003484
0.003575
0.003493
0.003578
0.003687
0.003515
0.00367
0.003679
0.003714
0.003676
0.003963
0.00387
0.003751
0.003745
0.003888
0.003642
0.003615
0.003714
0.003431
0.003669
0.003492
0.003574
0.003495
0.003803
0.003315
0.003312
0.003395
0.003309
0.003432
0.003444
0.003683
0.003425
0.003397
0.003282
0.003435
0.003348
0.003402
0.003479
0.003182
0.003439
0.003711
0.003605
0.003499
0.003714
0.003504
0.003642
0.003521
0.003404
0.003429
0.003543
0.003289
0.00359
0.003676
0.004056
0.003579
0.003285
0.003377
0.003353
0.00345
0.00341
0.003634
0.003496
0.003689
0.003632
0.0033
0.003375
0.003375
0.003512
0.003542
0.003543
0.003534
0.003456
0.003397
0.003563
0.003511
0.003727
0.003693
0.003633
0.003413
0.003379
0.00351
0.003462
0.003603
0.003538
0.003555
0.003414
0.003756
0.003442
0.003418
0.003678
0.003664
0.003536
0.003575
0.003348
0.003596
0.003889
0.003843
0.003656
0.003891
0.003531
0.003594
0.003623
0.003574
0.003635
0.003419
0.003381
0.003283
0.003229
0.003591
0.004081
0.003245
0.003438
0.003318
0.003612
0.003665
0.003618
0.003621
0.00363
0.003496
0.003348
0.003405
0.003472
0.003343
0.00359
0.003506
0.00374
0.003739
0.003781
0.003764
0.004428
0.003649
0.003776
0.003765
0.0036
0.003602
0.00356
0.003392
0.003528
0.003518
0.003566
0.003247
0.003607
0.003605
0.003556
0.003654
0.003668
0.003615
0.003718
0.003474
0.003576
0.003638
0.003754
0.003483
0.003823
0.003887
0.003855
0.003777
0.003903
0.003873
0.003719
0.003977
0.003718
0.003689
0.00408
0.004089
0.003943
0.004157
0.004224
0.003992
0.003973
0.003773
0.003577
0.003871
0.003616
0.003776
0.003361
0.003363
0.003319
0.003318
0.003667
0.003727
0.003537
0.003292
0.003419
0.00339
0.003133
0.003482
0.003431
0.003463
0.003633
0.003555
0.003659
0.003494
0.003732
0.003499
0.003605
0.003322
0.003425
0.003377
0.003399
0.003508
0.003353
0.003446
0.003486
0.003354
0.003388
0.003594
0.003601
0.003443
0.003339
0.003339
0.003418
0.00363
0.003417
0.003463
0.003598
0.003499
0.003549
0.003554
0.003397
0.003482
0.003557
0.003924
0.003736
0.003725
0.003738
0.003666
0.003819
0.003661
0.003545
0.003554
0.003771
0.003643
0.003752
0.003751
0.003647
0.003975
0.003648
0.003528
0.003698
0.003607
0.003593
0.003728
0.003733
0.003749
0.003802
0.003546
0.003546
0.003642
0.003435
0.003645
0.003287
0.003548
0.00349
0.003539
0.003267
0.003432
0.003595
0.003597
0.003791
0.003357
0.003695
0.003863
0.003661
0.003775
0.003534
0.003517
0.00375
0.003546
0.003707
0.003835
0.003566
0.004016
0.003883
0.003935
0.004035
0.003979
0.00389
0.003595
0.003967
0.003701
0.004023
0.004118
0.004035
0.003854
0.0039
0.003947
0.003844
0.003996
0.003795
0.003814
0.003546
0.003975
0.003711
0.003911
0.003918
0.003798
0.00391
0.003547
0.003804
0.003583
0.003673
0.003847
0.003824
0.003707
0.003561
0.00367
0.003889
0.004016
0.003927
0.003963
0.003693
0.003895
0.003956
0.003937
0.003969
0.00413
0.004068
0.004107
0.004119
0.003687
0.003847
0.003985
0.003833
0.003687
0.003822
0.004061
0.003953
0.003845
0.003626
0.003802
0.003703
0.003673
0.003708
0.003534
0.003659
0.003398
0.003555
0.003694
0.003782
0.003568
0.003729
0.003593
0.003757
0.003612
0.003575
0.003624
0.003668
0.003752
0.003746
0.003381
0.00371
0.003646
0.003895
0.003643
0.003648
0.003445
0.003599
0.003568
0.00349
0.003539
0.003679
0.003602
0.003682
0.003832
0.00389
0.003835
0.003787
0.00379
0.00403
0.003785
0.003873
0.003922
0.003931
0.00384
0.003793
0.003536
0.003548
0.003444
0.003536
0.003415
0.003283
0.003408
0.003391
0.003465
0.003441
0.003419
0.003674
0.003732
0.003632
0.00356
0.00352
0.003447
0.003603
0.003473
0.003863
0.003531
0.003792
0.003858
0.003628
0.003737
0.003806
0.003935
0.003878
0.00367
0.003533
0.003579
0.003679
0.003279
0.003412
0.003529
0.003305
0.003371
0.003537
0.003419
0.003542
0.003503
0.003624
0.003496
0.003578
0.003541
0.003464
0.003397
0.003435
0.003463
0.003665
0.003632
0.003794
0.003726
0.003627
0.003909
0.003763
0.00381
0.003807
0.003621
0.003817
0.003671
0.003804
0.003971
0.003874
0.003636
0.00367
0.003735
0.003596
0.003419
0.003655
0.003549
0.003174
0.00319
0.003608
0.003452
0.003829
0.003666
0.003622
0.003711
0.003781
0.003691
0.003725
0.00375
0.003836
0.00371
0.004
0.003822
0.003987
0.003705
0.003922
0.003576
0.003805
0.003748
0.003833
0.003822
0.003605
0.003455
0.003576
0.003586
0.003529
0.003551
0.003555
0.003405
0.003278
0.00341
0.003641
0.003784
0.00356
0.003463
0.003607
0.003356
0.003439
0.003273
0.003504
0.003462
0.003217
0.003721
0.003364
0.003447
0.003527
0.003545
0.003637
0.003557
0.003582
0.003514
0.003687
0.004037
0.003785
0.003908
0.004111
0.003913
0.003501
0.003745
0.003764
0.003583
0.003844
0.003844
0.003876
0.003978
0.003857
0.003726
0.003921
0.003944
0.003907
0.003993
0.00381
0.00405
0.003727
0.003787
0.003684
0.003851
0.003718
0.003824
0.00375
0.003725
0.003826
0.003809
0.003806
0.003618
0.003586
0.003901
0.003956
0.003803
0.003593
0.003553
0.003472
0.003265
0.003483
0.00338
0.003307
0.003463
0.003274
0.003477
0.003556
0.003738
0.003761
0.003562
0.003333
0.00328
0.00355
0.003581
0.003514
0.003495
0.003462
0.003451
0.003357
0.003484
0.003747
0.003521
0.003521
0.003618
0.003528
0.003561
0.003687
0.003542
0.003595
0.003571
0.003594
0.003575
0.003521
0.003737
0.003684
0.003654
0.003553
0.003673
0.00362
0.003472
0.003469
0.003731
0.00378
0.003856
0.003815
0.003787
0.003663
0.003911
0.003989
0.00391
0.003844
0.003922
0.004051
0.003832
0.003949
0.003461
0.003411
0.003484
0.00348
0.003267
0.003375
0.003756
0.003455
0.00344
0.003416
0.003661
0.003691
0.003614
0.003488
0.003451
0.003753
0.003907
0.003707
0.004055
0.003863
0.004067
0.003739
0.003852
0.0035
0.003462
0.003618
0.00374
0.003598
0.00363
0.003827
0.003594
0.003762
0.003745
0.003637
0.003309
0.003426
0.00357
0.003463
0.003461
0.003436
0.003633
0.003585
0.003659
0.003735
0.003769
0.003755
0.0037
0.00401
0.004027
0.003876
0.00391
0.00396
0.003771
0.003865
0.004012
0.0039
0.003926
0.003757
0.004086
0.003977
0.004
0.003902
0.003877
0.003705
0.003931
0.004059
0.004
0.003644
0.003826
0.003675
0.003984
0.00397
0.003764
0.004028
0.003515
0.003547
0.003327
0.003346
0.003265
0.003509
0.003302
0.003216
0.003442
0.003512
0.003447
0.003645
0.003679
0.003695
0.003603
0.00346
0.003382
0.003324
0.003386
0.00338
0.00349
0.003588
0.003677
0.003679
0.004053
0.003611
0.003846
0.00377
0.003857
0.003865
0.003723
0.003854
0.003768
0.003934
0.003928
0.004076
0.003797
0.003862
0.003832
0.003855
0.003818
0.003756
0.003782
0.003711
0.00369
0.003302
0.003345
0.003437
0.003553
0.003615
0.003436
0.003607
0.003565
0.003738
0.003759
0.00369
0.003457
0.00337
0.003433
0.00342
0.003579
0.00354
0.006364
0.005654
0.005669
0.005484
0.005624
0.005853
0.005932
0.005966
0.005705
0.005038
0.004469
0.004164
0.003992
0.003528
0.003607
0.003324
0.003442
0.003529
0.003522
0.00325
0.003407
0.003229
0.003318
0.003513
0.00347
0.003369
0.00377
0.003806
0.003486
0.003802
0.003595
0.003503
0.003549
0.003383
0.003401
0.003743
0.003381
0.003451
0.003416
0.003373
0.003456
0.003437
0.003439
0.003417
0.003638
0.003814
0.003828
0.003903
0.003642
0.003841
0.00362
0.003335
0.003187
0.003399
0.003468
0.003305
0.003488
0.003472
0.003505
0.003514
0.003633
0.003616
0.003818
0.003698
0.00346
0.003656
0.003739
0.003934
0.004021
0.003874
0.003859
0.003909
0.003748
0.003922
0.003968
0.00397
0.003892
0.003902
0.003902
0.003993
0.003707
0.003888
0.003736
0.003787
0.003866
0.003758
0.00399
0.003891
0.00392
0.003929
0.003809
0.003799
0.003945
0.003902
0.00384
0.003547
0.003724
0.003736
0.003639
0.003757
0.003721
0.003537
0.003694
0.003744
0.003938
0.003759
0.003297
0.003512
0.003482
0.003297
0.00349
0.003662
0.003724
0.003786
0.00391
0.003466
0.003794
0.003558
0.003792
0.004039
0.003927
0.003863
0.003887
0.003977
0.003855
0.003741
0.004033
0.003588
0.003471
0.003598
0.00338
0.003467
0.003182
0.003581
0.003423
0.003643
0.003694
0.003607
0.003794
0.003762
0.003447
0.00384
0.003906
0.003564
0.003302
0.003337
0.003463
0.003458
0.003524
0.003304
0.0034
0.003511
0.003855
0.003757
0.0035
0.003535
0.003577
0.003562
0.003452
0.003543
0.00357
0.003611
0.003806
0.003706
0.003777
0.003804
0.003628
0.003655
