0.006488
0.006736
0.005939
0.005079
0.004645
0.004213
0.003855
0.003774
0.003508
0.00344
0.003436
0.003631
0.003786
0.004224
0.004131
0.003682
0.003648
0.003978
0.004025
0.003817
0.003844
0.003996
0.004128
0.003933
0.004154
0.004078
0.004029
0.004256
0.004373
0.004616
0.004461
0.004378
0.004476
0.004256
0.004332
0.004325
0.004285
0.004368
0.004351
0.00424
0.004299
0.004339
0.004439
0.004404
0.00433
0.004244
0.004365
0.004178
0.004473
0.004378
0.004444
0.004312
0.004541
0.004588
0.004609
0.00437
0.00459
0.00468
0.004355
0.004437
0.004387
0.004733
0.004586
0.004613
0.004513
0.004796
0.004634
0.004608
0.004577
0.004485
0.004316
0.004525
0.004579
0.004542
0.004552
0.004385
0.004845
0.004583
0.004562
0.004517
0.004513
0.004309
0.004225
0.004562
0.004814
0.004458
0.004493
0.004405
0.004554
0.004388
0.004376
0.004597
0.004295
0.004343
0.004418
0.004501
0.004416
0.004128
0.004311
0.004323
0.004405
0.004374
0.004402
0.004401
0.004483
0.00452
0.0046
0.004383
0.0044
0.0044
0.00439
0.004286
0.004391
0.004538
0.004449
0.004496
0.004538
0.004313
0.004169
0.004365
0.004302
0.004262
0.004225
0.004338
0.004252
0.004522
0.004372
0.004212
0.004126
0.004076
0.004845
0.004153
0.004446
0.004225
0.004369
0.004207
0.004022
0.004022
0.004427
0.004308
0.004448
0.004192
0.004439
0.004346
0.00425
0.004092
0.004121
0.004085
0.004188
0.004017
0.004091
0.004181
0.004145
0.004012
0.0041
0.004267
0.004232
0.004067
0.004592
0.004439
0.004541
0.004391
0.004399
0.004518
0.004492
0.004753
0.004925
0.00456
0.004233
0.004638
0.004691
0.004246
0.004454
0.004792
0.004378
0.00464
0.004527
0.004408
0.00474
0.004579
0.004443
0.004637
0.004943
0.004713
0.004675
0.004725
0.004807
0.004409
0.004565
0.004307
0.004772
0.004592
0.004599
0.004818
0.004526
0.005453
0.005143
0.005519
0.005245
0.004933
0.005332
0.005164
0.005243
0.004951
0.004613
0.004932
0.005018
0.004716
0.005103
0.005082
0.005304
0.004846
0.004932
0.004907
0.00503
0.004648
0.004828
0.004647
0.005007
0.004706
0.004743
0.004446
0.004593
0.004647
0.004535
0.004984
0.004731
0.004694
0.004918
0.004824
0.005296
0.005086
0.005262
0.005121
0.005306
0.004936
0.005181
0.005152
0.004969
0.004696
0.00502
0.004782
0.004676
0.00482
0.004909
0.004929
0.005112
0.005746
0.005048
0.004872
0.005014
0.004531
0.004663
0.004736
0.004726
0.004813
0.004933
0.0046
0.004796
0.004848
0.004856
0.004991
0.004584
0.004792
0.00461
0.004812
0.004901
0.004851
0.00521
0.004598
0.004532
0.004909
0.004766
0.004818
0.004714
0.004454
0.004777
0.004547
0.004799
0.004551
0.004491
0.004478
0.004606
0.004595
0.004534
0.004859
0.004789
0.004832
0.004822
0.00481
0.004957
0.004868
0.004845
0.005028
0.004494
0.0048
0.004955
0.004686
0.004687
0.005004
0.004865
0.004824
0.004773
0.004704
0.004561
0.004432
0.004401
0.004675
0.004147
0.004484
0.004482
0.004479
0.004797
0.004823
0.004652
0.004699
0.004547
0.004837
0.004794
0.004241
0.004713
0.004428
0.004591
0.004469
0.004742
0.005042
0.00462
0.004896
0.004472
0.004613
0.00476
0.004568
0.004455
0.004506
0.004584
0.004518
0.004656
0.004688
0.004278
0.004551
0.004452
0.004658
0.004883
0.00448
0.004574
0.004647
0.004478
0.00428
0.004555
0.004494
0.004855
0.00453
0.004398
0.004507
0.004282
0.004361
0.004465
0.004778
0.004505
0.004716
0.004834
0.00512
0.005194
0.005011
0.005104
0.005276
0.00542
0.004975
0.005048
0.005252
0.005348
0.004982
0.005205
0.005142
0.005331
0.004829
0.004915
0.004947
0.0047
0.004753
0.004971
0.004986
0.004739
0.005031
0.004843
0.004985
0.005185
0.005162
0.004938
0.005248
0.005094
0.005291
0.005537
0.005583
0.005548
0.005298
0.005518
0.005191
0.005459
0.00541
0.005242
0.005346
0.005722
0.00556
0.005598
0.005519
0.005435
0.005467
0.005684
0.005452
0.005596
0.005685
0.006023
0.006558
0.006347
0.0058
0.005566
0.00549
0.005642
0.005713
0.005536
0.005579
0.00536
0.005368
0.005333
0.005224
0.004905
0.005054
0.005002
0.005022
0.004832
0.005035
0.004734
0.004599
0.004727
0.004613
0.004509
0.004544
0.004627
0.004785
0.004746
0.004745
0.004609
0.004627
0.004927
0.004617
0.004932
0.004877
0.004698
0.004718
0.005047
0.004949
0.004791
0.004826
0.004745
0.005049
0.004895
0.004579
0.004707
0.004776
0.004836
0.004971
0.004599
0.004973
0.004771
0.004737
0.004811
0.004678
0.004745
0.004845
0.004545
0.004809
0.004922
0.00486
0.004829
0.004878
0.004656
0.004722
0.004898
0.004954
0.004985
0.005042
0.004859
0.004805
0.004913
0.004752
0.00535
0.005072
0.005002
0.004842
0.005151
0.005466
0.005315
0.005203
0.005355
0.005337
0.005286
0.005268
0.005078
0.005272
0.005234
0.004983
0.005298
0.005027
0.005185
0.004951
0.005111
0.004904
0.004962
0.005339
0.005177
0.005274
0.004754
0.004505
0.004553
0.004722
0.004564
0.004654
0.004684
0.004564
0.004515
0.004663
0.004862
0.004882
0.005048
0.004813
0.005226
0.005071
0.004744
0.004989
0.004613
0.004569
0.004732
0.004595
0.00454
0.004456
0.004415
0.004638
0.004419
0.004618
0.004555
0.004573
0.004535
0.00483
0.004693
0.00513
0.00528
0.005447
0.004821
0.004884
0.004884
0.00486
0.004855
0.005259
0.00485
0.005209
0.005165
0.005226
0.005333
0.005337
0.005121
0.004991
0.004965
0.005056
0.004917
0.005065
0.004837
0.00474
0.004798
0.005002
0.005038
0.004804
0.005234
0.005272
0.005001
0.005017
0.005779
0.005541
0.00506
0.005152
0.004896
0.004817
0.005095
0.005068
0.004937
0.006365
0.005702
0.004921
0.004671
0.003855
0.003734
0.00387
0.004017
0.004127
0.004734
0.004346
0.00435
0.004507
0.004517
0.004367
0.004514
0.004558
0.004584
0.004668
0.004597
0.00462
0.004522
0.004568
0.004614
0.004807
0.004895
0.004862
0.004993
0.004854
0.004718
0.005117
0.004854
0.004619
0.004673
0.004761
0.004571
0.004789
0.004807
0.004552
0.004997
0.004677
0.004873
0.004982
0.00475
0.00483
0.004711
0.004696
0.004957
0.004612
0.004574
0.004703
0.004659
0.005174
0.004366
0.004478
0.004571
0.004641
0.004482
0.004661
0.004643
0.004721
0.004509
0.004795
0.004433
0.004489
0.004264
0.004543
0.004434
0.004427
0.004492
0.00435
0.004473
0.004576
0.004419
0.004359
0.004469
0.004291
0.00423
0.004427
0.004464
0.004342
0.004506
0.004646
0.004366
0.004571
0.004368
0.004442
0.004704
0.004487
0.004583
0.004615
0.004421
0.004301
0.00445
0.004485
0.004639
0.0047
0.004636
0.004686
0.004602
0.004831
0.004618
0.004592
0.004683
0.004947
0.004655
0.004572
0.004455
0.004441
0.004563
0.004561
0.004753
0.004801
0.00472
0.004337
0.00423
0.004201
0.004314
0.004424
0.004188
0.004243
0.00436
0.004218
0.004124
0.004168
0.004362
0.00458
0.00453
0.004546
0.004649
0.004549
0.004577
0.004566
0.004737
0.004965
0.004665
0.004675
0.004989
0.004678
0.004707
0.004976
0.005143
0.005266
0.004891
0.005149
0.005031
0.005137
0.005019
0.004839
0.004781
0.005039
0.00465
0.004903
0.004676
0.004605
0.004637
0.004648
0.004371
0.004357
0.00443
0.004333
0.004447
0.004579
0.004362
0.004598
0.004359
0.0043
0.004393
0.004335
0.004454
0.00436
0.004274
0.004119
0.004141
0.004263
0.004311
0.004305
0.00456
0.004321
0.004298
0.004478
0.004172
0.00416
0.004358
0.005299
0.004427
0.004374
0.004173
0.004088
0.004075
0.004017
0.004184
0.003731
0.004059
0.004013
0.004024
0.00404
0.004359
0.00417
0.004019
0.003938
0.00402
0.004243
0.004223
0.004254
0.00424
0.004255
0.004508
0.004309
0.004513
0.004515
0.004228
0.004401
0.004514
0.004913
0.004669
0.004816
0.004508
0.004875
0.005051
0.004999
0.003971
0.003909
0.004044
0.003758
0.00384
0.003819
0.003829
0.003731
0.003857
0.003953
0.003932
0.004292
0.004097
0.00423
0.004113
0.004397
0.0045
0.004492
0.004529
0.005034
0.00501
0.005026
0.005011
0.004775
0.005035
0.005041
0.004964
0.004731
0.004651
0.004812
0.004641
0.004791
0.004949
0.004493
0.004537
0.004374
0.004465
0.004414
0.004113
0.003929
0.004125
0.004362
0.00427
0.004198
0.004148
0.004215
0.004292
0.004326
0.004139
0.004194
0.004097
0.003954
0.004432
0.004239
0.004244
0.004538
0.004335
0.00436
0.004397
0.004164
0.004446
0.004327
0.004602
0.004725
0.004801
0.004538
0.00487
0.004706
0.004558
0.004922
0.004781
0.004729
0.005183
0.004707
0.004822
0.004815
0.004721
0.004686
0.004961
0.004686
0.004874
0.004775
0.00462
0.004413
0.004645
0.004925
0.004551
0.004691
0.004723
0.004555
0.004755
0.004825
0.004908
0.004672
0.004776
0.004971
0.005113
0.005281
0.005369
0.005013
0.005045
0.004953
0.005301
0.005154
0.005163
0.004958
0.005007
0.005028
0.004733
0.00467
0.004929
0.005049
0.004929
0.004973
0.005116
0.004942
0.004865
0.005027
0.004863
0.005003
0.004894
0.004882
0.004665
0.004908
0.004817
0.004766
0.004684
0.004657
0.004835
0.00476
0.004643
0.004776
0.004793
0.004736
0.004658
0.004975
0.005006
0.004882
0.005072
0.005009
0.005039
0.004989
0.005056
0.005235
0.005033
0.005402
0.004889
0.005031
0.005081
0.00499
0.005197
0.004996
0.00508
0.00493
0.004886
0.005071
0.00507
0.005171
0.00469
0.004959
0.005096
0.004903
0.004777
0.005273
0.005076
0.004964
0.004857
0.004703
0.004967
0.005011
0.005023
0.005016
0.005078
0.004834
0.004504
0.0049
0.004785
0.004946
0.00474
0.004888
0.004845
0.004845
0.004751
0.004802
0.004854
0.004701
0.004878
0.004862
0.004908
0.004757
0.00489
0.005073
0.004873
0.004809
