0.006256
0.006184
0.00619
0.006195
0.005244
0.004554
0.00418
0.004122
0.003803
0.003738
0.003513
0.003702
0.003769
0.0037
0.003781
0.003817
0.0042
0.004281
0.004292
0.004475
0.004373
0.004574
0.004728
0.00466
0.004592
0.004591
0.00464
0.00473
0.004692
0.004967
0.004629
0.005045
0.005024
0.004715
0.004803
0.004646
0.00474
0.004789
0.004744
0.004962
0.004808
0.004753
0.004666
0.004667
0.004667
0.0044
0.004319
0.004189
0.004394
0.004249
0.004153
0.004353
0.004384
0.00448
0.004521
0.004611
0.004607
0.004573
0.004457
0.004807
0.004776
0.00482
0.004797
0.004852
0.004702
0.004561
0.004581
0.004578
0.004569
0.004754
0.004617
0.004841
0.004586
0.00447
0.004767
0.004939
0.004841
0.004498
0.004757
0.00486
0.004362
0.004571
0.005007
0.00478
0.004624
0.004621
0.00475
0.004632
0.004524
0.004609
0.004447
0.004731
0.004763
0.00452
0.00442
0.004498
0.00471
0.004518
0.004648
0.004677
0.004345
0.00453
0.004476
0.004634
0.004632
0.004776
0.004735
0.004633
0.004902
0.004876
0.005007
0.004867
0.005164
0.005093
0.005288
0.005228
0.00508
0.005088
0.005334
0.005305
0.005049
0.005232
0.005129
0.005418
0.005261
0.005159
0.004916
0.005366
0.005021
0.005015
0.004848
0.004747
0.00483
0.00436
0.004548
0.004992
0.004829
0.005088
0.004871
0.004694
0.004795
0.004721
0.004871
0.004368
0.004675
0.004701
0.004602
0.004691
0.004473
0.004329
0.004509
0.004236
0.004053
0.004192
0.004341
0.004265
0.004293
0.004642
0.004386
0.00442
0.004642
0.004699
0.004654
0.004533
0.004426
0.004704
0.005125
0.004642
0.0049
0.004569
0.004668
0.005057
0.005042
0.004933
0.004804
0.00479
0.004747
0.004717
0.004948
0.004911
0.004528
0.004927
0.004724
0.004826
0.004882
0.004999
0.004631
0.004747
0.00511
0.004822
0.004684
0.004673
0.004983
0.004835
0.004867
0.004825
0.004889
0.004769
0.004391
0.004517
0.004572
0.004619
0.004905
0.004828
0.004432
0.004814
0.004913
0.004851
0.004871
0.004861
0.004945
0.005106
0.005095
0.004983
0.005198
0.005339
0.005119
0.005072
0.004834
0.004824
0.004814
0.005088
0.004854
0.00482
0.005421
0.004902
0.005327
0.00497
0.005093
0.004906
0.005063
0.004841
0.004932
0.004729
0.004887
0.00493
0.005065
0.004956
0.005084
0.005096
0.004621
0.004805
0.004797
0.004422
0.004622
0.004699
0.004904
0.004929
0.004941
0.00476
0.004755
0.004595
0.004641
0.005111
0.004832
0.004676
0.004505
0.004514
0.004777
0.004708
0.004918
0.005021
0.004821
0.005056
0.004692
0.004716
0.004859
0.004733
0.004502
0.004603
0.005038
0.004637
0.004702
0.004894
0.004508
0.004733
0.004441
0.004496
0.004623
0.004442
0.004519
0.004781
0.004707
0.004391
0.004773
0.004704
0.00447
0.004779
0.004659
0.00466
0.004672
0.004442
0.004526
0.004755
0.004694
0.004555
0.004803
0.004658
0.004567
0.004587
0.004841
0.004658
0.004812
0.004842
0.004724
0.004548
0.004816
0.004883
0.004884
0.004739
0.004675
0.004727
0.004777
0.004732
0.004713
0.004991
0.00483
0.00468
0.004637
0.00478
0.004766
0.004788
0.004666
0.004914
0.005011
0.004706
0.004753
0.004802
0.004735
0.004654
0.004817
0.005173
0.004907
0.005111
0.005024
0.005048
0.00476
0.004827
0.004823
0.004714
0.004639
0.004775
0.004679
0.004585
0.004394
0.004727
0.005263
0.005009
0.005224
0.005171
0.005352
0.00514
0.0053
0.005037
0.005137
0.005118
0.004937
0.005172
0.005276
0.005204
0.004756
0.004828
0.005073
0.005159
0.004765
0.004747
0.004536
0.004679
0.004525
0.00459
0.004675
0.004581
0.004767
0.004809
0.00476
0.004694
0.004829
0.004669
0.004772
0.004681
0.004948
0.004795
0.004828
0.004794
0.004688
0.004699
0.004768
0.005082
0.004809
0.004853
0.005227
0.004934
0.00505
0.004901
0.005298
0.00568
0.005502
0.005737
0.005547
0.005782
0.005858
0.005644
0.006045
0.00565
0.005856
0.006545
0.006715
0.006776
0.006342
0.006417
0.00599
0.005785
0.005717
0.005654
0.005564
0.005632
0.005596
0.005638
0.005387
0.005849
0.005366
0.006094
0.005442
0.005398
0.005582
0.005569
0.005207
0.005597
0.005411
0.005244
0.005375
0.005683
0.005654
0.005216
0.005265
0.004982
0.005615
0.00524
0.005549
0.005477
0.005429
0.005536
0.005679
0.005272
0.005442
0.005677
0.005565
0.005714
0.00549
0.005547
0.005963
0.006293
0.006491
0.006649
0.006324
0.006321
0.006851
0.006463
0.005963
0.005661
0.005589
0.005355
0.005533
0.005364
0.00553
0.005516
0.005335
0.005227
0.005223
0.005292
0.004977
0.00497
0.005245
0.005005
0.004924
0.004855
0.005076
0.004956
0.00509
0.005099
0.005342
0.005572
0.005606
0.005482
0.005145
0.004967
0.005103
0.005389
0.005115
0.005338
0.005575
0.005351
0.005506
0.005674
0.005627
0.005267
0.005311
0.005164
0.00526
0.005043
0.004813
0.00495
0.004954
0.006586
0.004708
0.004733
0.004797
0.004769
0.004702
0.004615
0.0049
0.005043
0.005072
0.005421
0.005349
0.005535
0.005467
0.005381
0.005161
0.004879
0.004845
0.005074
0.005222
0.005203
0.0052
0.005128
0.004784
0.004816
0.004727
0.004907
0.004895
0.004605
0.004675
0.004607
0.004364
0.004598
0.004589
0.004526
0.004453
0.004514
0.004545
0.004846
0.004824
0.004997
0.004983
0.005212
0.005316
0.005299
0.005541
0.005323
0.005698
0.005388
0.005367
0.00527
0.005435
0.005345
0.005261
0.005284
0.005505
0.005275
0.005543
0.005412
0.005583
0.005194
0.004865
0.00501
0.004878
0.005034
0.004725
0.004813
0.005044
0.004933
0.005024
0.005242
0.004616
0.004693
0.004577
0.004748
0.004632
0.004504
0.004837
0.00472
0.004854
0.004802
0.004872
0.00489
0.004797
0.004768
0.004573
0.004831
0.004996
0.005144
0.004814
0.005077
0.006665
0.005332
0.004704
0.003937
0.003497
0.003689
0.003805
0.00393
0.004044
0.004482
0.004695
0.004866
0.004573
0.005096
0.004926
0.004775
0.004948
0.004986
0.005117
0.005314
0.00542
0.005368
0.005578
0.005276
0.005314
0.005321
0.005339
0.005386
0.005413
0.005262
0.005433
0.005168
0.005281
0.005129
0.005214
0.00512
0.005019
0.004971
0.0051
0.005156
0.00514
0.005502
0.00554
0.00573
0.005047
0.004831
0.004945
0.004946
0.005262
0.004913
0.005059
0.004913
0.004839
0.004761
0.005164
0.004751
0.004703
0.004683
0.004538
0.004652
0.00478
0.004565
0.004621
0.00441
0.00466
0.004513
0.004525
0.004506
0.004573
0.004706
0.00467
0.004681
0.004696
0.004537
0.004758
0.004687
0.004464
0.004536
0.004638
0.004653
0.004628
0.004823
0.004658
0.004852
0.004681
0.004594
0.004622
0.004673
0.004787
0.005065
0.005005
0.004796
0.004662
0.004827
0.004889
0.004829
0.005353
0.005938
0.004447
0.004428
0.004574
0.00447
0.004512
0.004597
0.004724
0.004776
0.004785
0.004927
0.004579
0.004709
0.004768
0.004834
0.004609
0.004707
0.00458
0.004623
0.004359
0.004477
0.004289
0.004376
0.004339
0.004385
0.00457
0.004657
0.004718
0.004699
0.004874
0.00475
0.004714
0.004862
0.004661
0.004804
0.005185
0.004707
0.004913
0.004948
0.00489
0.005043
0.004427
0.004433
0.004684
0.004656
0.004735
0.004657
0.005002
0.00475
0.004887
0.004726
0.004861
0.004812
0.005199
0.004794
0.004686
0.004505
0.004604
0.004412
0.004393
0.004307
0.004371
0.0045
0.004509
0.00446
0.0044
0.004285
0.004616
0.004321
0.004376
0.004364
0.004575
0.004393
0.004519
0.004769
0.004724
0.004673
0.005166
0.004963
0.00476
0.004677
0.004869
0.004873
0.004913
0.004893
0.004862
0.005322
0.005203
0.005251
0.00507
0.004934
0.005145
0.004942
0.004876
0.004713
0.004671
0.004594
0.004648
0.005038
0.004674
0.004835
0.004864
0.004617
0.004557
0.004855
0.00458
0.004595
0.004823
0.004552
0.004605
0.004538
0.004603
0.004775
0.004851
0.004743
0.004789
0.005383
0.004881
0.005406
0.00476
0.005005
0.006089
0.005996
0.005116
0.00442
0.004312
0.004332
0.004548
0.004509
0.004697
0.005209
0.004986
0.005121
0.005282
0.005139
0.005273
0.00562
0.00567
0.005118
0.005337
0.005222
0.005318
0.005078
0.00522
0.005359
0.005311
0.005453
0.005305
0.005145
0.005087
0.005059
0.00498
0.004788
0.004817
0.005185
0.00481
0.004802
0.004924
0.00469
0.004762
0.004902
0.005134
0.005589
0.005095
0.005547
0.004889
0.00515
0.005141
0.004916
0.004946
0.005255
0.005268
0.00506
0.005251
0.005259
0.004693
0.004966
0.005088
0.005113
0.005079
0.005139
0.004846
0.004995
0.004819
0.00455
0.00482
0.004865
0.005041
0.005054
0.004988
0.005117
0.004883
0.004837
0.004842
0.004516
0.004916
0.004701
0.004654
0.004607
0.004755
0.004641
0.004653
0.0045
0.004466
0.004442
0.004722
0.004785
0.004993
0.004864
0.004911
0.004872
0.004781
0.004782
0.004705
0.004564
0.004821
0.00446
0.004341
0.00443
0.004329
0.004416
0.004626
0.004563
0.004619
0.004632
0.004773
0.005035
0.004672
0.004734
0.004875
0.004644
0.004655
0.004672
0.004684
0.004746
0.00472
0.004611
0.004665
0.004814
0.004827
0.004877
0.004742
0.004817
0.005052
0.005254
0.005078
0.004994
0.005106
0.00516
0.005064
0.004921
0.004826
0.004928
0.004722
0.00483
0.004674
0.004843
0.004735
0.004869
0.005034
0.004523
0.004689
0.004568
0.004425
0.004545
0.004503
0.004468
0.004611
0.004642
0.004578
0.004629
0.004816
0.004547
0.004618
0.004611
0.004825
0.004794
0.004922
0.004701
0.004633
0.004495
0.004463
0.004511
0.00428
0.004249
0.004295
0.004511
0.004477
0.004626
0.00453
0.004394
0.004481
0.00443
0.004379
0.004208
0.004186
0.004033
0.004081
0.004032
0.004555
0.004248
0.004299
0.0043
0.004407
0.004416
0.004628
0.004584
0.00472
0.004843
