0.003532
0.00358
0.00375
0.00383
0.003617
0.003684
0.003827
0.004105
0.004197
0.004291
0.004161
0.004414
0.004661
0.004532
0.00462
0.004676
0.004955
0.004887
0.004819
0.004857
0.004933
0.005394
0.005057
0.005079
0.00493
0.005094
0.005056
0.004938
0.005036
0.005083
0.005034
0.004841
0.004791
0.004953
0.004529
0.004544
0.004613
0.004762
0.00486
0.004836
0.004895
0.004821
0.004593
0.004426
0.004399
0.004491
0.004764
0.004229
0.004368
0.004565
0.004867
0.00426
0.004427
0.004345
0.004548
0.004172
0.004287
0.00426
0.004205
0.00456
0.004162
0.004267
0.004274
0.004418
0.004449
0.004218
0.00436
0.004331
0.004592
0.004167
0.004297
0.004381
0.00449
0.004485
0.00445
0.004532
0.004826
0.00471
0.004636
0.004664
0.004669
0.004938
0.005026
0.004755
0.005242
0.005337
0.00535
0.004927
0.00542
0.005008
0.005324
0.005078
0.0049
0.004625
0.004566
0.004532
0.004791
0.004832
0.004389
0.004413
0.004317
0.004492
0.004777
0.004448
0.004746
0.004872
0.004435
0.004747
0.004456
0.004392
0.004532
0.004487
0.004827
0.004562
0.004823
0.004736
0.004738
0.004792
0.005271
0.00511
0.004977
0.004738
0.004749
0.004882
0.004826
0.004942
0.004675
0.004945
0.004723
0.005192
0.004894
0.004949
0.004879
0.004787
0.004886
0.005013
0.005257
0.005116
0.00523
0.005071
0.005003
0.004738
0.004652
0.004745
0.004995
0.004857
0.004748
0.005296
0.004954
0.004506
0.005061
0.004478
0.004639
0.004395
0.004465
0.004428
0.004579
0.00461
0.004703
0.004645
0.004815
0.004854
0.004464
0.004792
0.004539
0.004678
0.004826
0.005002
0.004776
0.005052
0.00481
0.004601
0.004879
0.004671
0.004849
0.004639
0.005331
0.005261
0.004821
0.004941
0.005211
0.004688
0.005152
0.004851
0.004804
0.004926
0.004885
0.004911
0.005237
0.004906
0.004988
0.004912
0.004786
0.00492
0.004843
0.004787
0.004607
0.004741
0.004933
0.004977
0.004587
0.004712
0.004432
0.004536
0.004585
0.005099
0.00466
0.00505
0.005125
0.004833
0.004913
0.00504
0.004651
0.004515
0.005078
0.004588
0.00474
0.004103
0.004253
0.004759
0.004672
0.005269
0.004505
0.004453
0.004651
0.00453
0.004557
0.005037
0.004644
0.004859
0.005002
0.005124
0.004993
0.005159
0.005057
0.004734
0.005063
0.005242
0.004907
0.005216
0.004787
0.004984
0.004785
0.004949
0.004586
0.004947
0.005103
0.00468
0.004823
0.004804
0.00471
0.004649
0.00506
0.004737
0.004522
0.004747
0.004548
0.004805
0.004478
0.004985
0.004745
0.004756
0.004553
0.004784
0.004819
0.004563
0.004608
0.004933
0.004469
0.004652
0.004707
0.004411
0.004313
0.004608
0.004719
0.004937
0.005107
0.004998
0.004779
0.004666
0.004802
0.004489
0.004838
0.004722
0.00455
0.004671
0.004859
0.004937
0.004558
0.004925
0.00492
0.004917
0.004822
0.004868
0.005175
0.004911
0.004926
0.004919
0.004707
0.004602
0.004611
0.00478
0.005056
0.004936
0.004839
0.004758
0.004985
0.00527
0.00496
0.005147
0.005191
0.005037
0.004617
0.004686
0.00436
0.004572
0.004457
0.00468
0.004809
0.004741
0.004673
0.004667
0.004713
0.004568
0.004929
0.004672
0.004917
0.004473
0.00462
0.004695
0.004731
0.004372
0.004688
0.004454
0.004656
0.004426
0.004694
0.004523
0.004578
0.004344
0.004546
0.004682
0.004383
0.004534
0.004571
0.004423
0.004554
0.004661
0.005576
0.005073
0.004732
0.004495
0.004594
0.004504
0.004268
0.004585
0.004417
0.00468
0.004828
0.004934
0.004702
0.004724
0.004376
0.004538
0.004704
0.004517
0.004711
0.004697
0.004537
0.004784
0.004579
0.004979
0.005403
0.005468
0.005299
0.004951
0.004876
0.005028
0.004788
0.004645
0.004651
0.005007
0.004759
0.00518
0.004812
0.005042
0.0049
0.004866
0.00493
0.005033
0.005053
0.005174
0.004972
0.00499
0.004857
0.004923
0.004887
0.004786
0.004676
0.005134
0.004834
0.004921
0.004834
0.004635
0.004914
0.004889
0.004952
0.005098
0.004759
0.004677
0.004929
0.004585
0.004464
0.004538
0.004509
0.00469
0.004537
0.004817
0.004668
0.004861
0.004774
0.004631
0.004712
0.005013
0.004806
0.004907
0.004929
0.005424
0.004842
0.004864
0.004757
0.005029
0.004625
0.004777
0.004825
0.004905
0.00477
0.004553
0.004735
0.004639
0.004603
0.004343
0.004557
0.004792
0.004761
0.004865
0.004699
0.004748
0.005029
0.005021
0.005372
0.005713
0.005397
0.005533
0.005346
0.005462
0.005587
0.005315
0.00535
0.004923
0.005632
0.005424
0.00512
0.005342
0.005121
0.005493
0.005316
0.005109
0.005431
0.005238
0.005435
0.005069
0.005224
0.00505
0.005135
0.005342
0.005176
0.005456
0.005432
0.005658
0.005427
0.005397
0.005531
0.005151
0.005299
0.005614
0.005431
0.006141
0.005707
0.005456
0.006238
0.005842
0.005856
0.005634
0.005784
0.005935
0.005507
0.006267
0.005385
0.005566
0.005436
0.005738
0.005526
0.005553
0.005458
0.006077
0.006518
0.006321
0.006683
0.006222
0.005878
0.005503
0.005723
0.005415
0.005516
0.005479
0.005618
0.005407
0.005277
0.005216
0.005214
0.005125
0.005243
0.005313
0.005555
0.005787
0.005492
0.006025
0.005549
0.005654
0.005642
0.005676
0.005545
0.005718
0.005816
0.005683
0.005917
0.005473
0.005522
0.005466
0.005077
0.00535
0.006071
0.005396
0.005439
0.005248
0.00523
0.00523
0.005095
0.005199
0.005333
0.005079
0.005238
0.005316
0.005501
0.005329
0.005484
0.005548
0.005849
0.00558
0.006055
0.00608
0.005867
0.006207
0.00594
0.006386
0.006119
0.005582
0.006291
0.005595
0.0059
0.005661
0.005785
0.005919
0.005202
0.005304
0.005396
0.005356
0.005572
0.005393
0.005058
0.005388
0.005323
0.005995
0.005236
0.005563
0.005279
0.005458
0.005358
0.005691
0.005222
0.005328
0.005582
0.005475
0.005595
0.005601
0.005647
0.005472
0.005275
0.005287
0.005367
0.005324
0.005585
0.005895
0.005755
0.005374
0.005186
0.005378
0.005323
0.005483
0.005372
0.005622
0.005341
0.00522
0.00551
0.005377
0.005359
0.005421
0.005799
0.005511
0.005838
0.00587
0.005968
0.00576
0.005662
0.005751
0.006159
0.00598
0.006182
0.006207
0.006053
0.005918
0.006164
0.005734
0.005696
0.005322
0.00527
0.005178
0.005033
0.005472
0.005416
0.005215
0.005533
0.005465
0.005339
0.006013
0.005844
0.006092
0.00575
0.005738
0.006756
0.006397
0.006678
0.006721
0.006839
0.006554
0.006395
0.006075
0.006144
0.00614
0.006465
0.005387
0.00581
0.006016
0.005797
0.005816
0.005598
0.005768
0.005681
0.005651
0.005509
0.00559
0.005649
0.005684
0.005837
0.00585
0.005938
0.005831
0.0061
0.005836
0.006226
0.005951
0.005883
0.005851
0.006319
0.005854
0.006112
0.00617
0.0063
0.006265
0.006506
0.006367
0.006219
0.005738
0.005902
0.005981
0.005539
0.005411
0.005315
0.005215
0.004964
0.005239
0.005139
0.005294
0.005229
0.005458
0.005084
0.005192
0.004831
0.004904
0.004962
0.005424
0.004925
0.005407
0.005005
0.004994
0.004945
0.004774
0.004681
0.004762
0.004515
0.004621
0.004521
0.004593
0.004647
0.004702
0.004916
0.004975
0.00503
0.004801
0.005122
0.00482
0.004904
0.005267
0.004891
0.004875
0.004906
0.004797
0.004853
0.004985
0.004911
0.004685
0.004612
0.004581
0.004452
0.004357
0.00487
0.005123
0.004851
0.004516
0.00488
0.00468
0.004845
0.005135
0.00483
0.004794
0.005264
0.005178
0.004915
0.005028
0.005004
0.004952
0.005096
0.004701
0.005282
0.004711
0.005085
0.004683
0.004718
0.004627
0.004603
0.004436
0.004432
0.004299
0.004468
0.004273
0.004821
0.004556
0.004613
0.004375
0.004454
0.00443
0.005013
0.004666
0.00458
0.004508
0.004749
0.004612
0.004565
0.004581
0.004612
0.004757
0.00473
0.004543
0.004866
0.004645
0.004641
0.004621
0.005053
0.004945
0.004777
0.0049
0.004757
0.004695
0.004741
0.004793
0.005206
0.004912
0.004897
0.004848
0.004874
0.004883
0.004933
0.004991
0.004928
0.00534
0.005617
0.00499
0.004753
0.004505
0.004588
0.004738
0.00427
0.004276
0.004371
0.004367
0.00451
0.004827
0.004936
0.0052
0.00521
0.004931
0.004995
0.004883
0.004703
0.004852
0.004844
0.004782
0.004895
0.004634
0.004843
0.004467
0.004775
0.004556
0.004796
0.004824
0.004999
0.005105
0.004948
0.005091
0.004944
0.004662
0.004694
0.004665
0.004602
0.004621
0.004728
0.004618
0.004672
0.004888
0.004753
0.005142
0.00469
0.004845
0.004462
0.004798
0.004969
0.004831
0.004773
0.004689
0.004647
0.00481
0.004488
0.004475
0.004522
0.004625
0.004622
0.00474
0.004615
0.004379
0.004445
0.00448
0.004712
0.004853
0.004295
0.004812
0.004204
0.004324
0.004154
0.004167
0.004162
0.004132
0.004072
0.004086
0.004257
0.004377
0.004481
0.004594
0.004687
0.004738
0.005171
0.004782
0.004922
0.004794
0.004995
0.00507
0.004844
0.005264
0.00509
0.005339
0.0049
0.005083
0.005511
0.00532
0.00521
0.005307
0.005029
0.004863
0.004846
0.004777
0.004978
0.004971
0.004574
0.004596
0.004683
0.004363
0.004519
0.004469
0.00437
0.00445
0.00432
0.004458
0.00437
0.004436
0.004432
0.004239
0.004275
0.004429
0.004491
0.00447
0.00448
0.004796
0.004547
0.004882
0.004743
0.004997
0.005001
0.004778
0.004872
0.004804
0.005373
0.004746
0.004694
0.004701
0.004937
0.005154
0.005202
0.004633
0.005096
0.00515
0.005156
0.00504
0.004643
0.005015
0.00496
0.004358
0.004429
0.004697
0.004698
0.004586
0.00473
0.004785
0.004876
0.00487
0.004523
0.004769
0.004502
0.00437
0.004368
0.004471
0.004552
0.004818
0.004605
0.004716
0.004581
0.004473
0.00455
0.004618
0.004527
0.004308
0.004349
0.004796
0.004517
0.004336
0.00468
0.004585
0.004733
0.004758
0.00456
0.004396
