0.004352
0.004182
0.00414
0.004039
0.004216
0.004333
0.004107
0.004257
0.004298
0.004064
0.004104
0.004209
0.004321
0.004023
0.004105
0.004395
0.004423
0.00464
0.004395
0.004638
0.004248
0.004485
0.004354
0.00444
0.004375
0.004402
0.004538
0.004346
0.004276
0.004307
0.004055
0.004182
0.004146
0.004345
0.004369
0.004133
0.004217
0.004357
0.004329
0.004133
0.004291
0.004776
0.004699
0.004357
0.004659
0.004602
0.004597
0.004723
0.005048
0.004634
0.004552
0.004521
0.004676
0.004799
0.004777
0.004594
0.004629
0.004661
0.004627
0.004627
0.004591
0.00449
0.00422
0.004516
0.004407
0.004497
0.004412
0.004308
0.004138
0.004182
0.004221
0.004321
0.004544
0.004359
0.004422
0.004499
0.004282
0.00442
0.004179
0.00405
0.004285
0.004235
0.004207
0.004187
0.004246
0.004235
0.004281
0.004249
0.004341
0.00409
0.00417
0.004523
0.00432
0.004356
0.004372
0.004442
0.004434
0.004522
0.004408
0.004457
0.004268
0.004505
0.004805
0.004444
0.00446
0.004565
0.004546
0.004524
0.004396
0.004685
0.00439
0.004346
0.004474
0.004771
0.004659
0.004698
0.004702
0.004832
0.00464
0.004661
0.004943
0.004314
0.004614
0.004726
0.004575
0.004413
0.004654
0.004316
0.004492
0.004411
0.004475
0.004226
0.00411
0.004036
0.003914
0.004226
0.004127
0.003836
0.004086
0.003759
0.004054
0.003787
0.003622
0.004046
0.003799
0.004154
0.003841
0.004135
0.004147
0.004195
0.004813
0.004544
0.004537
0.004761
0.004689
0.004561
0.0046
0.004794
0.004543
0.004503
0.004924
0.004599
0.004532
0.004463
0.004343
0.0043
0.004544
0.004618
0.004475
0.00416
0.004375
0.004431
0.004066
0.004276
0.00432
0.004164
0.004295
0.004021
0.004143
0.004184
0.004044
0.004458
0.004004
0.004241
0.004131
0.004284
0.0046
0.00452
0.004687
0.004629
0.004734
0.004821
0.00457
0.004862
0.004693
0.004725
0.004574
0.00437
0.00455
0.004398
0.004208
0.004235
0.004265
0.00415
0.004243
0.004134
0.003834
0.004011
0.004231
0.004137
0.004038
0.004024
0.003878
0.004219
0.004007
0.003846
0.004015
0.003948
0.004006
0.004137
0.004071
0.003956
0.004128
0.004087
0.004089
0.003991
0.004027
0.003945
0.004071
0.003998
0.004197
0.004156
0.004134
0.004208
0.004288
0.004175
0.004029
0.004039
0.004196
0.00428
0.004018
0.004263
0.004209
0.004258
0.004161
0.003816
0.003848
0.003899
0.003599
0.003646
0.004966
0.004556
0.004045
0.004075
0.003825
0.00394
0.003854
0.003657
0.003646
0.00358
0.004225
0.003811
0.003787
0.004028
0.003916
0.004103
0.004044
0.003885
0.00388
0.004211
0.00422
0.004194
0.004044
0.004132
0.004058
0.004244
0.004179
0.004172
0.004147
0.003965
0.003902
0.003877
0.003653
0.003774
0.003668
0.003755
0.003768
0.003839
0.003871
0.003955
0.003869
0.003622
0.003787
0.00352
0.003489
0.003421
0.003559
0.003535
0.003378
0.003349
0.003502
0.003766
0.003529
0.003475
0.003663
0.003711
0.003701
0.003661
0.003701
0.003523
0.003535
0.003562
0.003673
0.003526
0.003837
0.003616
0.003806
0.003731
0.003621
0.003812
0.003919
0.003838
0.003733
0.003728
0.003822
0.003633
0.003821
0.003773
0.003605
0.003776
0.003748
0.003732
0.00379
0.00375
0.003768
0.003808
0.003859
0.003691
0.003953
0.004157
0.00399
0.00379
0.003866
0.003831
0.003724
0.003671
0.00369
0.003576
0.003932
0.003843
0.003567
0.003601
0.003843
0.003831
0.003865
0.003973
0.003885
0.003913
0.003643
0.003867
0.004023
0.003939
0.004085
0.004139
0.004253
0.004168
0.004041
0.003999
0.004026
0.003865
0.003904
0.003766
0.003633
0.003868
0.003924
0.003745
0.003823
0.003774
0.003694
0.003601
0.003655
0.003614
0.003322
0.003515
0.003498
0.003581
0.00362
0.003679
0.003687
0.003707
0.003606
0.003702
0.00353
0.003526
0.003568
0.003677
0.003721
0.003687
0.003663
0.003799
0.003963
0.003899
0.003909
0.003845
0.003795
0.003615
0.003936
0.003629
0.003834
0.003913
0.003954
0.004028
0.003973
0.003939
0.004064
0.003997
0.003892
0.004011
0.003839
0.003746
0.003716
0.003868
0.003861
0.00379
0.003599
0.003711
0.003595
0.003699
0.003703
0.003704
0.003947
0.00379
0.00385
0.003862
0.003906
0.003858
0.003936
0.003937
0.003942
0.004114
0.003949
0.004001
0.004051
0.004084
0.004092
0.004225
0.004
0.004065
0.004005
0.004004
0.003753
0.003696
0.003869
0.00392
0.003903
0.003651
0.003795
0.003898
0.003751
0.003778
0.004048
0.004191
0.003908
0.004147
0.004477
0.004323
0.004196
0.004323
0.004434
0.00419
0.004248
0.004247
0.004631
0.004598
0.004191
0.004215
0.004125
0.004074
0.004136
0.004417
0.004443
0.004228
0.00435
0.004237
0.003915
0.004011
0.003883
0.00401
0.003868
0.004083
0.004011
0.003878
0.004037
0.003879
0.003707
0.003624
0.00385
0.003774
0.003555
0.003471
0.003617
0.003608
0.003701
0.003643
0.003824
0.003774
0.003846
0.003834
0.003723
0.003665
0.003416
0.003665
0.003655
0.003695
0.003798
0.003828
0.003804
0.003713
0.003726
0.003942
0.003844
0.003649
0.003772
0.003981
0.003878
0.003904
0.003895
0.004118
0.004115
0.004277
0.004075
0.004165
0.004217
0.004149
0.004181
0.004181
0.003834
0.003738
0.003709
0.003588
0.003617
0.00359
0.003833
0.003972
0.003875
0.003842
0.00397
0.003759
0.003717
0.003756
0.003572
0.003628
0.003574
0.00354
0.003702
0.003825
0.003841
0.003796
0.003837
0.003793
0.003854
0.003638
0.003792
0.003783
0.003842
0.003829
0.003892
0.003887
0.003933
0.004067
0.003762
0.003871
0.003991
0.003897
0.003882
0.003859
0.003845
0.003764
0.00422
0.003842
0.003971
0.004053
0.004171
0.003994
0.004077
0.00387
0.003984
0.004259
0.004152
0.003868
0.004215
0.004075
0.004199
0.004244
0.003969
0.004365
0.004065
0.004207
0.00423
0.004252
0.00441
0.004291
0.004367
0.004536
0.00436
0.004524
0.004282
0.004349
0.004877
0.004594
0.004527
0.004723
0.00456
0.004444
0.004521
0.004417
0.004292
0.004569
0.004249
0.004213
0.00417
0.004619
0.005201
0.004899
0.004926
0.004752
0.004927
0.004768
0.005105
0.004688
0.004707
0.004646
0.004497
0.004648
0.004253
0.004149
0.004297
0.004436
0.004204
0.004358
0.004177
0.004296
0.004227
0.00409
0.00385
0.004063
0.004029
0.004024
0.003905
0.004166
0.003881
0.003925
0.003889
0.003734
0.003977
0.003999
0.003959
0.003828
0.00413
0.004317
0.004174
0.004303
0.00416
0.004252
0.004034
0.004276
0.004005
0.003805
0.003888
0.00391
0.003946
0.003998
0.004041
0.004001
0.003973
0.003944
0.0037
0.003937
0.003659
0.003714
0.003963
0.003847
0.003865
0.003758
0.003816
0.003939
0.003791
0.003829
0.003885
0.004
0.003963
0.004017
0.004021
0.004247
0.004365
0.004272
0.004353
0.004316
0.004606
0.00452
0.004402
0.00422
0.004422
0.00416
0.004135
0.004459
0.004271
0.004028
0.004279
0.004128
0.004141
0.004081
0.00401
0.004192
0.00401
0.004164
0.003844
0.004171
0.00431
0.004305
0.00417
0.004402
0.004236
0.004114
0.004282
0.004045
0.004315
0.004312
0.004113
0.004265
0.004186
0.00428
0.004543
0.004335
0.004304
0.004296
0.003933
0.004326
0.004072
0.004446
0.004273
0.004177
0.004037
0.003966
0.004147
0.004352
0.003827
0.003993
0.004245
0.004
0.004004
0.003898
0.003876
0.003732
0.003864
0.003653
0.003867
0.004138
0.004034
0.004107
0.004303
0.004046
0.004021
0.004115
0.003759
0.003889
0.003815
0.003832
0.003824
0.003939
0.003814
0.003858
0.00389
0.003925
0.004052
0.00397
0.00415
0.004121
0.004141
0.004289
0.004288
0.004527
0.00421
0.004132
0.004127
0.004197
0.003902
0.003868
0.003857
0.003965
0.003905
0.004022
0.00393
0.004154
0.003971
0.003873
0.003972
0.003967
0.003924
0.003658
0.00368
0.003714
0.003923
0.004062
0.003767
0.003882
0.00396
0.003932
0.003935
0.003757
0.004032
0.003761
0.004049
0.003819
0.003904
0.00402
0.004022
0.003997
0.004115
0.004098
0.003839
0.003958
0.003926
0.004104
0.003909
0.004197
0.004005
0.004102
0.003897
0.003992
0.003864
0.003984
0.003692
0.003611
0.003863
0.003677
0.003615
0.003575
0.003874
0.003901
0.003893
0.00383
0.003842
0.003762
0.00383
0.004249
0.003716
0.003861
0.003973
0.003904
0.004152
0.004148
0.003965
0.003995
0.004263
0.004276
0.00429
0.00432
0.004467
0.004368
0.004783
0.004463
0.004774
0.004869
0.00483
0.004789
0.00491
0.00448
0.004814
0.004711
0.004927
0.004804
0.004528
0.004666
0.004696
0.004759
0.005106
0.004821
0.004826
0.004561
0.004561
0.004592
0.004652
0.004831
0.004834
0.004669
0.004773
0.004953
0.005167
0.004908
0.004963
0.004797
0.004831
0.005023
0.00482
0.005031
0.005229
0.004915
0.00479
0.004519
0.004672
0.00471
0.004578
0.004534
0.004944
0.004574
0.005072
0.004558
0.004638
0.004515
0.004862
0.004931
0.004986
0.005299
0.004923
0.004656
0.005054
0.004699
0.004717
0.005002
0.004988
0.004924
0.004971
0.005075
0.005057
0.004822
0.00499
0.005093
0.00497
0.004705
0.004874
0.005122
0.005172
0.004861
0.004749
0.005053
0.005114
0.004875
0.004701
0.004877
0.004639
0.004789
0.005162
0.005001
0.004966
0.004544
0.004884
0.004711
0.004911
0.004874
0.005029
0.004893
0.00471
0.004919
0.005032
0.004884
0.004571
0.004818
0.00492
0.004797
0.004837
0.004754
0.004572
0.004753
0.004525
0.004602
0.004614
0.004651
0.005028
0.004522
0.004549
0.004597
0.004861
0.004825
0.004782
0.004524
0.004487
0.004703
0.004826
0.004703
0.004795
0.00471
0.004706
0.00497
0.0049
0.004843
0.004987
0.004628
0.004489
0.004669
0.004299
0.004535
0.004532
0.004615
0.004643
0.004225
0.004546
0.00492
0.004613
0.004578
