0.00438
0.004231
0.004157
0.00443
0.004511
0.004366
0.004334
0.004419
0.004303
0.004324
0.004724
0.00441
0.004531
0.00463
0.004372
0.004555
0.004359
0.00454
0.004576
0.004715
0.0052
0.004812
0.004936
0.004719
0.004747
0.00449
0.004611
0.004137
0.00465
0.004589
0.004421
0.004394
0.004182
0.004349
0.004291
0.004476
0.004248
0.004139
0.004504
0.004694
0.004725
0.004491
0.00424
0.00424
0.00448
0.00448
0.004316
0.004384
0.004264
0.004562
0.004353
0.004332
0.004528
0.004168
0.004346
0.004523
0.004158
0.004464
0.004822
0.004839
0.004746
0.004565
0.004663
0.004365
0.004218
0.00455
0.004689
0.004687
0.004511
0.004612
0.004636
0.004316
0.004236
0.004169
0.004534
0.004387
0.004273
0.004449
0.004165
0.004057
0.004151
0.004215
0.004548
0.004533
0.004104
0.004273
0.004372
0.004496
0.004178
0.00465
0.004369
0.004632
0.004559
0.0046
0.004306
0.004388
0.004401
0.004463
0.004212
0.00444
0.004228
0.004324
0.004107
0.004428
0.00402
0.00405
0.00401
0.004365
0.004153
0.004428
0.004152
0.004465
0.004384
0.003981
0.004079
0.004439
0.004217
0.004062
0.003842
0.004081
0.004208
0.004589
0.004097
0.0044
0.004782
0.004626
0.004155
0.004189
0.004352
0.004175
0.004244
0.004257
0.004066
0.004226
0.003984
0.00428
0.004129
0.004324
0.004188
0.004102
0.004619
0.004185
0.004082
0.003715
0.004026
0.003994
0.003931
0.003721
0.004132
0.004013
0.003773
0.004126
0.004128
0.003877
0.003946
0.003741
0.003673
0.003625
0.003602
0.003682
0.003826
0.003859
0.003649
0.003842
0.003959
0.00386
0.004147
0.003746
0.004066
0.003786
0.004013
0.003972
0.004007
0.004025
0.004177
0.00405
0.003914
0.004177
0.004075
0.00409
0.004401
0.004787
0.004932
0.004837
0.00485
0.004812
0.005241
0.004951
0.004981
0.0049
0.004956
0.004863
0.005099
0.005072
0.004787
0.004471
0.004783
0.00475
0.004545
0.00451
0.004304
0.004237
0.004252
0.004297
0.004446
0.004611
0.00428
0.004315
0.004556
0.003917
0.003834
0.004739
0.004611
0.004518
0.004276
0.004407
0.004312
0.004126
0.004309
0.004204
0.004328
0.00444
0.004379
0.004592
0.004113
0.004442
0.004613
0.00464
0.004832
0.004774
0.004823
0.004662
0.004544
0.004449
0.004195
0.004505
0.004649
0.004895
0.004448
0.004272
0.004256
0.004394
0.00428
0.004197
0.004208
0.004165
0.004555
0.004025
0.004201
0.00432
0.004195
0.004264
0.00424
0.004061
0.004191
0.004129
0.004407
0.004204
0.003905
0.004164
0.004359
0.004522
0.004563
0.004578
0.004154
0.004285
0.004169
0.004593
0.004613
0.004367
0.004763
0.004468
0.00468
0.004532
0.004612
0.004063
0.004325
0.004076
0.004288
0.004068
0.004246
0.004139
0.004267
0.004515
0.00438
0.004536
0.004674
0.004534
0.004515
0.004611
0.004403
0.004534
0.00449
0.004572
0.004451
0.0041
0.004229
0.004197
0.004102
0.004116
0.004056
0.004212
0.003991
0.004149
0.003902
0.004105
0.004244
0.003812
0.003781
0.003535
0.004007
0.004073
0.004046
0.003771
0.003997
0.00388
0.004246
0.004421
0.004165
0.00382
0.003797
0.003975
0.004071
0.004152
0.003894
0.00373
0.003846
0.00394
0.00412
0.004051
0.00403
0.004515
0.00464
0.004571
0.004255
0.004499
0.004479
0.004317
0.004467
0.004054
0.003921
0.004173
0.003895
0.003896
0.003907
0.003768
0.003838
0.003824
0.003978
0.003989
0.003937
0.004153
0.003933
0.003897
0.004073
0.003639
0.003717
0.003822
0.004005
0.004085
0.003983
0.004228
0.004088
0.003907
0.004182
0.004359
0.003966
0.003933
0.004073
0.003926
0.003958
0.004078
0.004281
0.004136
0.003719
0.004225
0.003965
0.004143
0.004096
0.004004
0.004411
0.00472
0.004629
0.004944
0.004413
0.004231
0.004324
0.00424
0.004213
0.00428
0.00428
0.004345
0.004331
0.004375
0.004196
0.003889
0.003923
0.00404
0.004065
0.003917
0.003751
0.003749
0.00375
0.003996
0.003861
0.004195
0.003835
0.00366
0.003616
0.003741
0.003991
0.003924
0.00359
0.003762
0.003759
0.003596
0.003862
0.003931
0.003644
0.003847
0.004078
0.003782
0.003768
0.003859
0.004156
0.003821
0.003895
0.00391
0.003944
0.003878
0.004375
0.004238
0.003883
0.00399
0.003882
0.003905
0.003964
0.004152
0.003993
0.004146
0.00408
0.004084
0.004152
0.00438
0.004465
0.004803
0.004429
0.004075
0.004254
0.004407
0.004281
0.004336
0.004075
0.004237
0.004298
0.004489
0.004077
0.004301
0.00402
0.004089
0.004083
0.003948
0.004053
0.003852
0.003859
0.00378
0.003886
0.004017
0.003891
0.003923
0.004029
0.003908
0.00376
0.003839
0.003711
0.004107
0.004026
0.003966
0.003837
0.003756
0.003885
0.003761
0.004146
0.003815
0.004143
0.004394
0.004856
0.004932
0.004604
0.00499
0.004652
0.004589
0.004232
0.004123
0.004239
0.003829
0.003903
0.003684
0.003586
0.003613
0.003801
0.003649
0.003502
0.003654
0.003567
0.003467
0.003514
0.00365
0.00348
0.003405
0.00363
0.003642
0.003744
0.003774
0.003818
0.004125
0.004112
0.004092
0.004011
0.00419
0.004005
0.004195
0.004087
0.004207
0.004414
0.004366
0.004223
0.004379
0.004492
0.004426
0.004466
0.00432
0.004294
0.004234
0.004155
0.004435
0.004377
0.003908
0.004008
0.004167
0.004048
0.003962
0.003774
0.004139
0.0043
0.004736
0.004351
0.004093
0.004009
0.004142
0.004231
0.004117
0.004053
0.004137
0.004025
0.004005
0.004293
0.003916
0.004373
0.003977
0.004147
0.003938
0.004052
0.003932
0.004172
0.004243
0.004054
0.004412
0.004342
0.004543
0.004562
0.004243
0.004412
0.004154
0.004065
0.00412
0.003928
0.003981
0.004206
0.004025
0.004212
0.004087
0.003987
0.00403
0.003815
0.003858
0.003988
0.00374
0.004016
0.003885
0.004064
0.003946
0.003941
0.004139
0.004154
0.004502
0.004227
0.004435
0.004289
0.004407
0.004171
0.004166
0.004209
0.004338
0.004257
0.004331
0.004048
0.003912
0.004131
0.003744
0.004172
0.004068
0.004189
0.003763
0.004172
0.004239
0.004124
0.003994
0.003975
0.00413
0.003882
0.003999
0.003921
0.003952
0.004129
0.003991
0.00436
0.004128
0.003951
0.004065
0.00405
0.003971
0.00406
0.004056
0.004038
0.004222
0.00437
0.004226
0.004483
0.00452
0.004084
0.004141
0.004373
0.004104
0.004156
0.004229
0.004137
0.004192
0.003948
0.004137
0.003856
0.003975
0.003838
0.004202
0.004144
0.003769
0.004092
0.004016
0.004203
0.004259
0.003665
0.004003
0.003912
0.004219
0.004018
0.003756
0.003792
0.003914
0.003895
0.004118
0.003838
0.004212
0.004033
0.003863
0.003869
0.003799
0.004049
0.003826
0.00433
0.004031
0.004309
0.00408
0.004217
0.00395
0.003968
0.00405
0.004155
0.004036
0.004216
0.004065
0.004124
0.004202
0.004285
0.004207
0.004083
0.003921
0.004219
0.004194
0.004355
0.004595
0.004378
0.004436
0.004608
0.004465
0.004564
0.004602
0.004479
0.004286
0.004465
0.004257
0.004479
0.004482
0.004121
0.004333
0.004337
0.004316
0.004744
0.004369
0.004206
0.004249
0.004236
0.004123
0.004115
0.004066
0.00391
0.004197
0.003895
0.00387
0.004183
0.003994
0.004077
0.004019
0.004017
0.003934
0.003814
0.003759
0.00383
0.004096
0.003742
0.003694
0.003685
0.00389
0.003853
0.003773
0.003687
0.003791
0.003924
0.004142
0.0041
0.003856
0.00392
0.00376
0.003784
0.004523
0.004127
0.004379
0.004708
0.004382
0.004498
0.004329
0.003935
0.004249
0.004215
0.004017
0.004437
0.003894
0.003812
0.003966
0.003827
0.003937
0.003777
0.003872
0.003949
0.003937
0.003867
0.004189
0.004214
0.004145
0.004135
0.004085
0.004085
0.004229
0.004205
0.003908
0.004178
0.004278
0.00405
0.004347
0.003997
0.004211
0.004341
0.004043
0.003959
0.003892
0.003968
0.004145
0.003893
0.004187
0.003831
0.003746
0.003765
0.003872
0.003631
0.003956
0.004113
0.003929
0.003732
0.003732
0.003824
0.003803
0.003611
0.00366
0.003646
0.003653
0.003962
0.003975
0.003872
0.004104
0.003879
0.003937
0.004232
0.004107
0.00402
0.004189
0.004065
0.004155
0.004237
0.004187
0.004101
0.004221
0.004565
0.004496
0.0043
0.004324
0.004638
0.004335
0.00457
0.004148
0.004469
0.004532
0.004454
0.004319
0.004319
0.004491
0.004281
0.004657
0.004464
0.004464
0.004217
0.00431
0.004511
0.004361
0.004325
0.004466
0.003886
0.003899
0.004101
0.00432
0.004061
0.004589
0.004539
0.004693
0.004784
0.004835
0.004862
0.004781
0.004672
0.004749
0.004387
0.004381
0.004679
0.004532
0.004501
0.004584
0.004682
0.004516
0.004387
0.004296
0.004374
0.004398
0.004481
0.004158
0.004339
0.004077
0.00451
0.004095
0.004465
0.004178
0.004186
0.004375
0.004211
0.00406
0.003948
0.003843
0.003823
0.003903
0.003933
0.003764
0.003989
0.003754
0.004339
0.004355
0.004257
0.004163
0.004228
0.004227
0.004286
0.004367
0.004222
0.004319
0.004185
0.004382
0.004052
0.003975
0.003991
0.004072
0.004513
0.004342
0.004201
0.004348
0.004516
0.004427
0.004208
0.004623
0.004239
0.004455
0.004222
0.00438
0.004379
0.004198
0.004275
0.004301
0.004031
0.003968
0.004073
0.003969
0.004
0.004184
0.003968
0.004156
0.004078
0.004056
0.004194
0.004207
0.00399
0.00414
0.004226
0.003981
0.004505
0.004042
0.00441
0.004171
0.004481
0.004458
0.004242
0.004229
0.004462
0.004432
0.004301
0.004281
0.004469
0.003981
0.004149
0.004185
0.004089
0.004158
0.004151
0.004184
0.004152
0.004085
0.0045
0.00442
0.004438
0.00441
0.004474
0.004441
0.004174
0.004248
0.004343
0.004218
0.004016
0.004184
0.004135
0.003881
0.003874
0.004013
0.003875
0.003665
0.003811
0.003669
0.003969
0.004049
0.004
0.003803
0.0038
0.003865
0.003714
0.003698
0.00369
0.003545
