0.004562
0.004114
0.003987
0.004064
0.003853
0.003955
0.003787
0.004103
0.00417
0.004236
0.004155
0.004434
0.005017
0.004923
0.005359
0.005224
0.005489
0.005697
0.005689
0.00597
0.005698
0.005687
0.005785
0.005588
0.00542
0.005718
0.005328
0.005254
0.005551
0.005053
0.005086
0.005572
0.0058
0.005545
0.005073
0.004939
0.004986
0.004687
0.004909
0.004911
0.004978
0.004647
0.0049
0.004679
0.004476
0.004966
0.004665
0.004674
0.004887
0.004484
0.004386
0.004915
0.004771
0.004606
0.004762
0.004706
0.004846
0.004774
0.004692
0.004587
0.004369
0.004279
0.004171
0.004426
0.004695
0.004301
0.004128
0.004265
0.004641
0.004558
0.00446
0.004464
0.004391
0.004464
0.004514
0.00443
0.004365
0.004341
0.004528
0.004128
0.004225
0.004265
0.004176
0.004266
0.004469
0.004922
0.005478
0.00464
0.004861
0.004694
0.004743
0.004302
0.004396
0.004356
0.004555
0.004413
0.005135
0.004889
0.004661
0.004728
0.004853
0.004815
0.004744
0.004843
0.004658
0.004752
0.004703
0.004262
0.004126
0.004555
0.004184
0.00473
0.005038
0.005438
0.004999
0.005021
0.005012
0.004891
0.005013
0.00473
0.004455
0.004267
0.004307
0.004723
0.004586
0.004602
0.00492
0.004601
0.004917
0.004658
0.00457
0.004498
0.004464
0.004795
0.004651
0.004625
0.004335
0.004233
0.004243
0.004846
0.004444
0.004579
0.004746
0.004614
0.004627
0.004673
0.00485
0.0049
0.004565
0.004677
0.004719
0.005125
0.004888
0.004745
0.004957
0.004414
0.005031
0.005093
0.00522
0.004972
0.004733
0.00502
0.004679
0.004395
0.004593
0.004805
0.004568
0.004467
0.004422
0.004523
0.004479
0.004549
0.004595
0.004865
0.004723
0.004718
0.004859
0.004712
0.004641
0.004709
0.004653
0.00461
0.004405
0.004673
0.004284
0.004458
0.00418
0.0044
0.004455
0.004193
0.00455
0.004903
0.004658
0.004688
0.004916
0.004493
0.004669
0.004615
0.004636
0.004681
0.004519
0.004661
0.004344
0.004355
0.004669
0.004404
0.004481
0.004288
0.004386
0.004431
0.004275
0.004459
0.004689
0.004696
0.004896
0.005181
0.004348
0.004361
0.00419
0.004235
0.00422
0.004362
0.004344
0.00431
0.004142
0.004303
0.004736
0.004989
0.004902
0.005047
0.004568
0.004499
0.004766
0.004449
0.00476
0.004713
0.004583
0.004824
0.004668
0.004766
0.0044
0.004463
0.004452
0.004438
0.004841
0.004566
0.004581
0.00471
0.004657
0.004522
0.004932
0.004635
0.004656
0.004805
0.004867
0.004427
0.004413
0.004537
0.004672
0.004785
0.004649
0.004702
0.004937
0.004761
0.005074
0.00496
0.004675
0.004529
0.00479
0.004451
0.00446
0.004501
0.004437
0.00451
0.004511
0.00468
0.004916
0.004681
0.005002
0.004809
0.004659
0.004619
0.004642
0.004511
0.004313
0.004329
0.004349
0.004382
0.004428
0.004589
0.004805
0.004702
0.004829
0.004666
0.004765
0.004759
0.004686
0.004778
0.004863
0.00452
0.004743
0.004955
0.004768
0.004835
0.004778
0.004399
0.004776
0.004515
0.004369
0.004529
0.004671
0.005016
0.004766
0.004631
0.004642
0.004433
0.00475
0.005086
0.00459
0.004812
0.004717
0.004443
0.004606
0.004638
0.004619
0.004569
0.004581
0.004803
0.004604
0.004379
0.004545
0.004394
0.004432
0.004807
0.004516
0.004609
0.004806
0.004835
0.004755
0.004966
0.004882
0.004796
0.005043
0.004857
0.004654
0.004323
0.00456
0.004387
0.004364
0.004454
0.004367
0.004546
0.004462
0.004685
0.004672
0.00436
0.004422
0.00441
0.004743
0.004508
0.004863
0.004574
0.00441
0.004416
0.004565
0.004782
0.004982
0.004768
0.004606
0.004664
0.004394
0.004432
0.004653
0.004484
0.004326
0.004087
0.004063
0.004068
0.004164
0.004302
0.004205
0.004336
0.004103
0.004256
0.004037
0.004212
0.004774
0.004396
0.004615
0.00459
0.004381
0.004679
0.004263
0.004422
0.004502
0.004527
0.004401
0.004322
0.00443
0.004448
0.00431
0.00436
0.004387
0.004162
0.004316
0.004309
0.004176
0.004256
0.00435
0.004282
0.004451
0.004428
0.00444
0.004401
0.004528
0.004304
0.004456
0.004405
0.004462
0.004562
0.004775
0.004421
0.004457
0.004494
0.004424
0.004642
0.004538
0.00449
0.004603
0.00429
0.004424
0.004661
0.004451
0.004684
0.00442
0.004308
0.004401
0.004208
0.004369
0.004768
0.004421
0.004551
0.004398
0.004596
0.004477
0.00483
0.004712
0.004977
0.004504
0.004673
0.004763
0.004744
0.004583
0.004955
0.00473
0.004387
0.004438
0.004457
0.004554
0.004477
0.004295
0.004233
0.004295
0.004316
0.004609
0.004916
0.00487
0.004625
0.004686
0.004846
0.004917
0.004729
0.004643
0.004678
0.005027
0.004571
0.004555
0.004884
0.004591
0.004543
0.004421
0.004873
0.004375
0.004266
0.004263
0.004597
0.004431
0.004467
0.004628
0.004868
0.004629
0.004455
0.004511
0.004373
0.004585
0.004777
0.004622
0.004592
0.00459
0.004585
0.004465
0.004491
0.004417
0.004434
0.004692
0.004418
0.004664
0.004499
0.004324
0.004499
0.004637
0.004223
0.004544
0.004568
0.004857
0.004722
0.004798
0.004782
0.004504
0.004666
0.004505
0.005012
0.004899
0.004647
0.004645
0.00445
0.004402
0.004506
0.00448
0.004418
0.00443
0.004886
0.00505
0.005163
0.004715
0.0047
0.004813
0.00503
0.004818
0.004727
0.005064
0.004535
0.004575
0.004892
0.00483
0.004741
0.004542
0.004574
0.00502
0.004681
0.004441
0.004538
0.004383
0.004524
0.004715
0.004758
0.004488
0.004516
0.004407
0.004508
0.004603
0.004767
0.004509
0.004426
0.004499
0.00453
0.004492
0.004624
0.00485
0.004445
0.004948
0.00485
0.004523
0.004375
0.004563
0.004381
0.004527
0.004564
0.004648
0.004343
0.004464
0.004347
0.004701
0.004513
0.004623
0.004646
0.00442
0.004548
0.00446
0.00438
0.004504
0.004797
0.00445
0.004409
0.004585
0.004255
0.00447
0.004676
0.004565
0.004356
0.004603
0.004677
0.005032
0.004768
0.004976
0.004974
0.005214
0.004864
0.004914
0.004955
0.005119
0.005221
0.004414
0.004759
0.004617
0.004602
0.004787
0.004549
0.004918
0.00435
0.004772
0.004577
0.004413
0.004269
0.004345
0.004416
0.004367
0.004386
0.00475
0.004388
0.004406
0.004528
0.004498
0.004485
0.00459
0.004686
0.004748
0.004633
0.004749
0.004911
0.004755
0.004866
0.004674
0.004576
0.00478
0.004648
0.004705
0.004781
0.004491
0.004538
0.004409
0.004382
0.004167
0.004267
0.003989
0.00443
0.00425
0.003872
0.003848
0.004055
0.004126
0.004097
0.00424
0.004185
0.004176
0.004263
0.004069
0.003924
0.003988
0.004061
0.003879
0.003935
0.004155
0.003876
0.003874
0.004133
0.004036
0.004292
0.004151
0.004605
0.004011
0.004091
0.004019
0.004277
0.004286
0.004188
0.004145
0.004082
0.004283
0.003916
0.00404
0.003752
0.004047
0.003939
0.003881
0.003893
0.003902
0.003643
0.00388
0.003888
0.003952
0.003814
0.003971
0.00399
0.003959
0.004126
0.004077
0.00405
0.004162
0.004064
0.004091
0.004125
0.004108
0.004028
0.003996
0.003781
0.003693
0.003906
0.003704
0.003719
0.003909
0.003819
0.003902
0.003887
0.004106
0.003872
0.003838
0.004217
0.003915
0.003954
0.004054
0.004018
0.004033
0.003901
0.004046
0.003888
0.004002
0.00393
0.004142
0.003881
0.003908
0.003788
0.003825
0.00394
0.003746
0.004085
0.00397
0.003881
0.004006
0.004007
0.004002
0.004138
0.004287
0.004265
0.004296
0.004167
0.00422
0.004262
0.004579
0.004186
0.004192
0.004211
0.004172
0.004204
0.004363
0.004144
0.004123
0.004422
0.004333
0.004218
0.004313
0.004124
0.004138
0.004167
0.003976
0.004154
0.00406
0.004127
0.004035
0.004375
0.004189
0.004447
0.004217
0.004316
0.004448
0.004163
0.004284
0.004241
0.004404
0.00433
0.004341
0.00432
0.004294
0.004602
0.004216
0.004274
0.004078
0.004436
0.004321
0.004039
0.004404
0.004114
0.004215
0.004331
0.004269
0.004313
0.004303
0.004102
0.004438
0.004173
0.004291
0.004244
0.004436
0.004211
0.00417
0.004339
0.004311
0.004638
0.004433
0.004434
0.004301
0.004415
0.004208
0.004123
0.004279
0.004255
0.004364
0.004253
0.004471
0.004282
0.004295
0.004202
0.004216
0.004214
0.004398
0.004135
0.004543
0.004274
0.004111
0.004297
0.004118
0.004001
0.003883
0.003794
0.003661
0.003699
0.003792
0.00374
0.003511
0.003669
0.003688
0.00387
0.003911
0.004178
0.004069
0.003835
0.003805
0.00376
0.003855
0.003892
0.003807
0.003833
0.003992
0.004127
0.003814
0.003841
0.003811
0.003669
0.003763
0.003784
0.003657
0.003833
0.00372
0.003836
0.003731
0.003717
0.003753
0.003659
0.003966
0.00383
0.003935
0.003844
0.003922
0.003756
0.003734
0.003793
0.003558
0.003847
0.003754
0.003738
0.003698
0.003899
0.003932
0.003904
0.004042
0.00409
0.004191
0.004109
0.004197
0.004427
0.004145
0.004355
0.004063
0.004183
0.004351
0.004254
0.004192
0.004172
0.004194
0.004322
0.004361
0.004249
0.004289
0.004306
0.004201
0.004292
0.00409
0.004231
0.004339
0.003986
0.003961
0.004024
0.003787
0.003791
0.003691
0.003802
0.003774
0.003975
0.00383
0.003994
0.004127
0.004193
0.003956
0.003958
0.004286
0.004183
0.00425
0.004291
0.004151
0.004177
0.00418
0.004069
0.004196
0.00409
0.004421
0.004201
0.004144
0.004198
0.004288
0.004275
0.004255
0.004099
0.004091
0.003865
0.003853
0.003885
0.003868
0.003912
0.003697
0.003632
0.00384
0.0037
0.003672
0.00366
0.003703
0.003665
0.003543
0.003808
0.00375
0.003846
0.003699
0.003728
0.003905
0.003921
0.004015
0.003948
0.003998
0.004006
0.00389
0.003941
0.00378
0.003959
0.004126
0.003974
0.003897
0.004304
0.004171
0.004217
0.004241
0.00429
0.004108
0.004038
0.004015
0.004042
0.003876
0.003919
0.003928
0.003892
0.003758
0.003752
