0.004081
0.004038
0.004077
0.004127
0.003984
0.004347
0.004349
0.004272
0.004312
0.004077
0.004423
0.004523
0.004296
0.004151
0.003957
0.00471
0.004682
0.004561
0.005215
0.004837
0.004729
0.004785
0.004681
0.005164
0.004977
0.005109
0.005043
0.005214
0.005176
0.005178
0.005004
0.004903
0.005135
0.005204
0.005069
0.00479
0.004573
0.004967
0.005061
0.004934
0.004832
0.005177
0.005067
0.004979
0.005095
0.005261
0.004848
0.005239
0.004718
0.005288
0.005143
0.004972
0.005098
0.004845
0.005218
0.004806
0.00502
0.004945
0.004784
0.00459
0.004778
0.004432
0.004727
0.004881
0.004685
0.004943
0.005045
0.005048
0.00516
0.004884
0.004758
0.004632
0.004732
0.005274
0.005034
0.004981
0.005013
0.005071
0.005029
0.004814
0.004705
0.004739
0.004677
0.004842
0.004651
0.00479
0.004607
0.004701
0.004534
0.004541
0.004354
0.004519
0.004535
0.004474
0.004614
0.004453
0.004499
0.004605
0.004525
0.004283
0.004326
0.004398
0.004372
0.004282
0.004289
0.004158
0.004369
0.004064
0.004308
0.004296
0.004347
0.004279
0.004448
0.004339
0.004351
0.004408
0.004524
0.004778
0.004614
0.004715
0.004375
0.004332
0.004719
0.004589
0.00471
0.005008
0.004911
0.004865
0.004979
0.004888
0.004837
0.004637
0.004685
0.004574
0.004502
0.004504
0.004303
0.00425
0.004295
0.004502
0.004572
0.004106
0.004252
0.004471
0.004451
0.004186
0.004354
0.004424
0.004303
0.004451
0.004235
0.004405
0.004514
0.004553
0.0044
0.004605
0.004538
0.004552
0.004578
0.004472
0.004481
0.004468
0.004842
0.004293
0.004096
0.004428
0.004164
0.004126
0.004371
0.004477
0.004017
0.004144
0.003807
0.003926
0.003898
0.004132
0.003748
0.003991
0.003812
0.003889
0.003925
0.00402
0.003886
0.004045
0.003961
0.003922
0.004031
0.00408
0.003852
0.003815
0.003973
0.004113
0.00399
0.004052
0.004081
0.00415
0.004072
0.004114
0.004212
0.004089
0.003968
0.003994
0.00381
0.004328
0.004007
0.004096
0.004038
0.004096
0.003845
0.004133
0.004069
0.003899
0.003979
0.00401
0.003983
0.003922
0.004204
0.00415
0.003869
0.004046
0.003802
0.004254
0.004099
0.004009
0.003742
0.004365
0.003748
0.004033
0.004019
0.004122
0.003942
0.004066
0.003989
0.00431
0.004274
0.00441
0.004183
0.004048
0.004061
0.003999
0.003989
0.003649
0.004035
0.003849
0.003883
0.004044
0.003835
0.004013
0.004184
0.003899
0.004015
0.003773
0.003918
0.003866
0.003891
0.003871
0.004083
0.003833
0.004123
0.00382
0.004114
0.003802
0.003774
0.003823
0.003979
0.004093
0.003948
0.003794
0.004076
0.004015
0.004161
0.004157
0.004018
0.004042
0.003897
0.004038
0.004027
0.004157
0.004081
0.004332
0.004356
0.004402
0.004345
0.004583
0.004166
0.004632
0.004375
0.003994
0.00401
0.003979
0.004095
0.003888
0.004058
0.003913
0.003845
0.003837
0.003742
0.00382
0.00412
0.003974
0.003938
0.003976
0.0042
0.004204
0.004188
0.004301
0.004129
0.004088
0.004351
0.004052
0.004116
0.004122
0.0039
0.003664
0.003755
0.003804
0.00373
0.003639
0.003581
0.003658
0.003662
0.003642
0.003796
0.003699
0.003946
0.003845
0.003992
0.004164
0.004007
0.004061
0.003932
0.004014
0.004001
0.004069
0.003872
0.003893
0.003785
0.003977
0.003935
0.003724
0.003866
0.003766
0.004001
0.003879
0.003762
0.003983
0.003673
0.003583
0.003655
0.003704
0.003885
0.003783
0.00395
0.004188
0.004124
0.004261
0.004143
0.003939
0.003656
0.003676
0.003725
0.003529
0.003763
0.003666
0.003486
0.003805
0.003852
0.003785
0.003673
0.003594
0.003735
0.003711
0.003627
0.003797
0.003655
0.003633
0.003775
0.003575
0.003536
0.003603
0.003532
0.003561
0.00369
0.003698
0.003839
0.003906
0.003919
0.003833
0.003903
0.003874
0.003845
0.003881
0.003846
0.003864
0.004105
0.003924
0.003946
0.003892
0.003962
0.003826
0.00398
0.003808
0.003905
0.003677
0.00387
0.003564
0.003703
0.003859
0.003594
0.003917
0.003995
0.003664
0.004116
0.00381
0.003743
0.003645
0.003687
0.003591
0.003755
0.00371
0.003743
0.003742
0.003579
0.003884
0.003694
0.003755
0.003814
0.003832
0.003878
0.003785
0.003828
0.003766
0.004014
0.003873
0.004033
0.004079
0.003838
0.003746
0.003637
0.003408
0.003627
0.003595
0.003786
0.003706
0.00387
0.003956
0.003838
0.003948
0.003952
0.003538
0.003881
0.003871
0.003627
0.003514
0.003803
0.003775
0.003926
0.003721
0.00381
0.00369
0.003894
0.003957
0.003676
0.003703
0.003916
0.004012
0.004033
0.004108
0.003911
0.004007
0.004152
0.00412
0.004113
0.003796
0.003978
0.003682
0.004115
0.004485
0.003909
0.003645
0.003929
0.003883
0.003918
0.003658
0.003686
0.004295
0.004609
0.004428
0.003523
0.00343
0.003625
0.003489
0.003732
0.003852
0.00378
0.003794
0.003733
0.003951
0.003881
0.004116
0.004024
0.003997
0.00394
0.003781
0.003969
0.003945
0.004082
0.004039
0.004107
0.003961
0.004006
0.004155
0.003943
0.003947
0.003812
0.003831
0.003897
0.003892
0.003849
0.00368
0.003734
0.003884
0.003905
0.003695
0.00374
0.003872
0.003844
0.003567
0.004001
0.003949
0.003833
0.003938
0.00412
0.004053
0.003896
0.003953
0.003995
0.004116
0.004696
0.004838
0.004317
0.004225
0.004061
0.004047
0.003856
0.004081
0.003681
0.003859
0.003849
0.004023
0.003586
0.003888
0.003823
0.003671
0.004029
0.004022
0.003902
0.003853
0.004009
0.004064
0.004011
0.004049
0.004194
0.004258
0.00434
0.004164
0.004012
0.004248
0.004336
0.00407
0.004207
0.004168
0.004148
0.00408
0.004261
0.004048
0.004051
0.00447
0.004542
0.00417
0.004012
0.004099
0.004082
0.004247
0.004312
0.004562
0.004265
0.004521
0.004345
0.00456
0.004272
0.004437
0.004225
0.004201
0.004132
0.004231
0.004334
0.004408
0.004595
0.004594
0.004671
0.004506
0.004434
0.004451
0.004247
0.004271
0.004197
0.004208
0.004503
0.004026
0.004381
0.00404
0.003863
0.004013
0.003962
0.003945
0.003971
0.004077
0.004005
0.004168
0.004519
0.004111
0.004309
0.004293
0.003903
0.004067
0.003943
0.003998
0.004153
0.004094
0.00389
0.003996
0.003958
0.004009
0.00438
0.003916
0.003965
0.004239
0.004061
0.004118
0.003839
0.003931
0.004356
0.004089
0.003966
0.003868
0.003935
0.003748
0.003967
0.004019
0.004296
0.004249
0.004262
0.004425
0.00414
0.004463
0.004561
0.004345
0.004426
0.00434
0.004675
0.004595
0.004597
0.004477
0.004288
0.004391
0.004526
0.004431
0.004455
0.004387
0.004451
0.004317
0.00429
0.004303
0.00428
0.004254
0.004287
0.004521
0.004265
0.00399
0.004043
0.004076
0.00429
0.003927
0.004132
0.004155
0.00405
0.003779
0.003868
0.004239
0.003954
0.003898
0.003871
0.00373
0.003851
0.003881
0.004051
0.003824
0.003855
0.004194
0.004147
0.003903
0.004081
0.0039
0.004068
0.00414
0.003942
0.004144
0.004016
0.003783
0.00377
0.003949
0.003976
0.003893
0.004004
0.00397
0.00406
0.004314
0.004102
0.00419
0.004092
0.004146
0.004084
0.004121
0.0043
0.004105
0.004158
0.003821
0.004141
0.004074
0.003997
0.004176
0.004431
0.004331
0.004231
0.004355
0.004298
0.004409
0.004075
0.004214
0.004125
0.004066
0.004053
0.003998
0.004064
0.004081
0.00432
0.004106
0.004062
0.003997
0.003944
0.004034
0.004238
0.004149
0.00418
0.004378
0.004393
0.004385
0.004588
0.004855
0.004698
0.00467
0.004723
0.004617
0.004911
0.004768
0.004615
0.004533
0.004538
0.004421
0.004683
0.004485
0.004578
0.004614
0.004605
0.004618
0.004704
0.004458
0.004425
0.004443
0.004366
0.004426
0.004407
0.004609
0.004526
0.004551
0.004818
0.004822
0.004805
0.004718
0.004455
0.004497
0.004512
0.004311
0.004208
0.00455
0.004448
0.004535
0.004351
0.004539
0.004395
0.004503
0.004435
0.004594
0.004219
0.004513
0.0046
0.004513
0.004619
0.004304
0.00425
0.004362
0.00442
0.004623
0.00455
0.004583
0.004537
0.004497
0.004409
0.004549
0.004472
0.00453
0.004687
0.004674
0.004296
0.004473
0.00438
0.004526
0.004578
0.004514
0.004578
0.004586
0.004471
0.004632
0.004633
0.00453
0.004492
0.004305
0.004592
0.004519
0.004578
0.004364
0.004507
0.004386
0.004219
0.004356
0.004384
0.004467
0.004209
0.004485
0.004375
0.004395
0.004396
0.004585
0.004282
0.004309
0.004257
0.004451
0.004507
0.004626
0.004579
0.004376
0.004188
0.004352
0.004377
0.004287
0.004288
0.004359
0.004397
0.004346
0.00437
0.004544
0.004188
0.004252
0.004036
0.004253
0.004366
0.004435
0.004395
0.004386
0.004308
0.00443
0.004172
0.004478
0.004347
0.004522
0.004759
0.004349
0.004508
0.004223
0.00399
0.004244
0.004159
0.004193
0.004089
0.004178
0.004283
0.004172
0.004059
0.004464
0.004426
0.004353
0.004301
0.004399
0.004417
0.004272
0.004459
0.004394
0.00441
0.004747
0.004322
0.004405
0.004574
0.00454
0.004534
0.004556
0.004663
0.004662
0.004372
0.004394
0.004436
0.00421
0.004414
0.004574
0.004304
0.004572
0.004541
0.00424
0.004535
0.004493
0.004295
0.004475
0.004533
0.004603
0.004647
0.00482
0.004622
0.00464
0.004587
0.004478
0.004415
0.004421
0.004629
0.00449
0.004566
0.004395
0.004573
0.004596
0.004484
0.004622
0.004485
0.004336
0.004192
0.004353
0.004446
0.004295
0.004401
0.004397
0.004362
0.004326
0.004513
0.004439
0.004531
0.004495
0.00434
0.004377
0.004325
0.004328
0.004454
0.004567
0.004277
0.004608
0.004514
0.004558
0.004663
0.004755
0.004612
0.004568
0.004488
0.004409
0.004487
0.004558
0.004568
0.004246
0.004386
0.004403
0.00438
0.004382
0.004252
0.004218
0.004434
0.004219
0.004376
0.004322
0.004544
0.004525
0.004483
0.004344
0.004522
0.004324
