0.005923
0.005854
0.005812
0.00569
0.005963
0.005975
0.005893
0.005819
0.004956
0.004324
0.004163
0.003844
0.003459
0.003694
0.003522
0.003419
0.003476
0.003645
0.003482
0.003503
0.003402
0.003393
0.003502
0.003513
0.00333
0.003294
0.003484
0.003469
0.003443
0.003612
0.003574
0.003537
0.003721
0.00342
0.003403
0.003613
0.003532
0.003511
0.003566
0.003317
0.003367
0.003422
0.003345
0.003599
0.003637
0.003976
0.00388
0.003576
0.003553
0.003973
0.003896
0.003982
0.003888
0.004194
0.004149
0.004029
0.004063
0.003962
0.003897
0.003888
0.00378
0.003827
0.003787
0.003734
0.003915
0.003558
0.003657
0.00369
0.003887
0.003872
0.003903
0.003776
0.003772
0.004016
0.003911
0.004087
0.003774
0.004282
0.003975
0.003915
0.004183
0.00412
0.004001
0.003779
0.003847
0.004027
0.004097
0.004065
0.004026
0.003729
0.0037
0.003751
0.004076
0.003896
0.003981
0.003699
0.003994
0.003858
0.004003
0.00371
0.003891
0.003793
0.004003
0.003969
0.00386
0.003995
0.003886
0.004239
0.004098
0.003908
0.004163
0.003907
0.004331
0.004336
0.004101
0.004198
0.00409
0.004308
0.004085
0.004131
0.003866
0.003887
0.003851
0.004029
0.003853
0.004009
0.00391
0.004118
0.004015
0.004003
0.003782
0.004058
0.004163
0.004379
0.004053
0.004065
0.004167
0.004033
0.004072
0.004005
0.004136
0.004421
0.004077
0.003921
0.004185
0.004625
0.004593
0.004591
0.0046
0.004424
0.004452
0.004368
0.00448
0.004577
0.004028
0.004334
0.004515
0.004257
0.004238
0.004561
0.004469
0.004365
0.004473
0.004398
0.004654
0.004507
0.004765
0.004276
0.004604
0.004644
0.004435
0.004778
0.00466
0.004776
0.004918
0.004727
0.004703
0.004763
0.004617
0.0047
0.004286
0.004436
0.004385
0.004444
0.004449
0.004436
0.004227
0.00427
0.004384
0.004336
0.004248
0.00437
0.004179
0.004255
0.004423
0.004299
0.004321
0.004461
0.00452
0.004298
0.004155
0.004423
0.004072
0.004151
0.004305
0.004143
0.004268
0.004319
0.004253
0.004214
0.004189
0.004394
0.004331
0.004396
0.004179
0.004204
0.004363
0.004203
0.004547
0.004094
0.004334
0.004063
0.00431
0.004259
0.004372
0.004219
0.004161
0.004085
0.004285
0.004163
0.004272
0.004297
0.004391
0.004382
0.004322
0.00421
0.004028
0.004241
0.004123
0.004298
0.004326
0.004169
0.004046
0.004247
0.004211
0.004003
0.003997
0.004191
0.004023
0.004012
0.003874
0.003832
0.003802
0.003712
0.003787
0.003691
0.003717
0.003761
0.003782
0.003909
0.003817
0.003735
0.003686
0.003784
0.003622
0.003687
0.003811
0.003685
0.003938
0.003966
0.003873
0.004227
0.0041
0.003986
0.003831
0.003862
0.003709
0.003818
0.003758
0.004003
0.003867
0.003819
0.003772
0.003962
0.003993
0.003975
0.003907
0.00417
0.004181
0.003981
0.003859
0.003978
0.004113
0.003937
0.00402
0.003951
0.003901
0.003691
0.003756
0.003613
0.003663
0.003667
0.004027
0.003733
0.003712
0.003639
0.003616
0.00367
0.003443
0.00349
0.003585
0.00364
0.003661
0.003457
0.003569
0.003635
0.003717
0.003756
0.003883
0.003936
0.003844
0.003957
0.004051
0.003804
0.004004
0.00419
0.003829
0.003763
0.003806
0.003875
0.004098
0.003921
0.003949
0.004128
0.004179
0.004314
0.004267
0.004124
0.004089
0.003954
0.003943
0.004101
0.003743
0.00377
0.003727
0.003826
0.003827
0.003619
0.003782
0.00375
0.003876
0.003547
0.003809
0.003911
0.003822
0.003897
0.003805
0.003735
0.003985
0.003823
0.004307
0.004248
0.004068
0.003848
0.004129
0.003776
0.004025
0.003741
0.003961
0.003957
0.003814
0.003645
0.00411
0.003956
0.003876
0.004008
0.003942
0.003777
0.004067
0.004067
0.003972
0.004034
0.003814
0.003956
0.00414
0.004138
0.003838
0.003848
0.003723
0.003896
0.003856
0.003804
0.0038
0.003718
0.004074
0.003694
0.003775
0.003805
0.003634
0.003871
0.003823
0.003726
0.004142
0.004116
0.004059
0.004223
0.004141
0.004114
0.00408
0.004208
0.004179
0.0041
0.004017
0.004116
0.004262
0.004026
0.004088
0.004033
0.004325
0.004137
0.004085
0.004026
0.004037
0.004561
0.004162
0.003894
0.00409
0.004144
0.003798
0.004078
0.004
0.003793
0.003782
0.003851
0.003685
0.003927
0.003685
0.003762
0.003933
0.003761
0.003834
0.003677
0.004045
0.004093
0.003971
0.00425
0.004239
0.004187
0.004241
0.004292
0.003815
0.003851
0.003909
0.00391
0.003861
0.003762
0.003817
0.003959
0.004033
0.003792
0.003787
0.003752
0.003734
0.00386
0.003631
0.003995
0.003914
0.003818
0.003781
0.00384
0.003915
0.003721
0.003925
0.004143
0.003803
0.004248
0.004026
0.004106
0.004114
0.003973
0.004099
0.003897
0.004037
0.003892
0.003973
0.004095
0.004259
0.004245
0.003933
0.004019
0.004126
0.003984
0.003954
0.003932
0.004084
0.004185
0.003993
0.003938
0.003817
0.003543
0.00371
0.00395
0.003734
0.003799
0.003696
0.00373
0.003721
0.003844
0.003765
0.004419
0.003767
0.004709
0.003772
0.003643
0.003765
0.003698
0.003635
0.003713
0.003704
0.003679
0.003665
0.003731
0.003625
0.003882
0.003635
0.003908
0.0037
0.003931
0.003727
0.004186
0.003874
0.004046
0.003988
0.003925
0.003897
0.004044
0.003961
0.004161
0.00412
0.004189
0.003993
0.004081
0.003585
0.003805
0.003718
0.003695
0.003733
0.003902
0.003742
0.00364
0.0038
0.003678
0.003587
0.003854
0.003839
0.00368
0.003416
0.003676
0.003662
0.003278
0.003829
0.003999
0.003713
0.003537
0.003472
0.003602
0.003485
0.003762
0.003771
0.004
0.003546
0.003854
0.00381
0.003908
0.003894
0.003766
0.003935
0.003817
0.003862
0.003816
0.003983
0.003687
0.003864
0.003725
0.003961
0.003898
0.003745
0.003948
0.003723
0.003728
0.003611
0.003816
0.003779
0.003738
0.003864
0.003744
0.003845
0.003913
0.003692
0.00393
0.003838
0.004005
0.003916
0.003764
0.003499
0.00383
0.003813
0.003666
0.003766
0.004131
0.003769
0.003726
0.003901
0.003701
0.003661
0.003801
0.003719
0.003716
0.003814
0.003984
0.003813
0.004058
0.003987
0.003909
0.003976
0.00373
0.003968
0.003787
0.003817
0.00375
0.003826
0.003826
0.004054
0.003977
0.004049
0.004002
0.003843
0.003744
0.003735
0.003912
0.003879
0.003719
0.003906
0.004006
0.00399
0.0041
0.003937
0.003951
0.003917
0.004116
0.003816
0.003713
0.003639
0.003717
0.003872
0.003904
0.003918
0.00399
0.00391
0.00387
0.00453
0.004967
0.004523
0.00451
0.00416
0.00422
0.004327
0.004334
0.004394
0.00451
0.004359
0.004484
0.004163
0.003902
0.004441
0.004231
0.004181
0.004121
0.003872
0.004053
0.004278
0.004007
0.003995
0.004101
0.004284
0.004084
0.004054
0.004294
0.00397
0.00421
0.004199
0.004339
0.00417
0.004331
0.004122
0.003911
0.004143
0.003969
0.003787
0.004365
0.003876
0.003854
0.00389
0.004116
0.003893
0.003754
0.004155
0.003969
0.003973
0.004043
0.004175
0.004057
0.003955
0.004265
0.003751
0.00389
0.003858
0.003815
0.003892
0.003804
0.004317
0.004088
0.003887
0.004233
0.00395
0.004061
0.003992
0.004056
0.004203
0.004111
0.004058
0.004146
0.003954
0.004075
0.003828
0.003851
0.00392
0.003906
0.003973
0.003908
0.003729
0.003874
0.004083
0.003691
0.003903
0.003871
0.003894
0.00389
0.0039
0.003732
0.004015
0.003948
0.003855
0.003732
0.003888
0.004121
0.004078
0.004274
0.004386
0.003892
0.004034
0.004392
0.004153
0.004189
0.004239
0.004378
0.004221
0.004371
0.004203
0.004216
0.004409
0.004051
0.004181
0.004159
0.004294
0.004139
0.004216
0.004022
0.004122
0.004133
0.003977
0.003972
0.003695
0.00432
0.003802
0.004209
0.003945
0.003979
0.003906
0.003844
0.003719
0.003902
0.003805
0.003919
0.003778
0.003935
0.003736
0.003936
0.003922
0.003867
0.003687
0.003661
0.003617
0.003857
0.003817
0.004221
0.004157
0.004022
0.004048
0.003914
0.003772
0.00375
0.003991
0.003732
0.003814
0.00376
0.003971
0.003905
0.003924
0.004175
0.004486
0.004366
0.004548
0.004319
0.004409
0.004152
0.004392
0.004419
0.004473
0.004297
0.004371
0.00418
0.004098
0.003953
0.004061
0.004142
0.004141
0.004015
0.003903
0.003887
0.003749
0.003735
0.003681
0.003532
0.003572
0.003677
0.003489
0.003891
0.003484
0.003831
0.003912
0.004047
0.00398
0.004102
0.004259
0.004341
0.004334
0.004179
0.004159
0.004056
0.003788
0.003886
0.003914
0.003857
0.003833
0.00363
0.003874
0.003951
0.003985
0.00389
0.003751
0.003799
0.003844
0.003565
0.003645
0.003667
0.003613
0.00369
0.003514
0.00382
0.003811
0.003847
0.003716
0.00362
0.003646
0.003575
0.003634
0.003506
0.003511
0.003493
0.003689
0.003839
0.003839
0.003664
0.003809
0.003885
0.003826
0.003537
0.0037
0.003702
0.003682
0.003573
0.003499
0.003757
0.003695
0.00385
0.004164
0.004026
0.003852
0.003812
0.003829
0.003895
0.004327
0.003938
0.00417
0.003981
0.003912
0.003914
0.004121
0.003957
0.003931
0.004022
0.004232
0.004166
0.004145
0.004107
0.003912
0.003977
0.003781
0.003779
0.003735
0.003633
0.003565
0.003822
0.003913
0.003787
0.004066
0.003823
0.003662
0.003854
0.003817
0.003545
0.003596
0.003571
0.003572
0.003715
0.003941
0.003788
0.004008
0.003912
0.003927
0.003738
0.003919
0.003773
0.003837
0.003925
0.003932
0.003876
0.00408
0.003976
0.004001
0.003854
0.003967
0.003775
0.003946
0.004432
0.004489
0.004177
0.004323
0.003996
0.004104
0.004094
0.003933
0.004075
0.003899
0.003869
0.003705
0.003761
0.003567
0.003744
0.003709
0.003902
0.004104
0.006496
0.005788
0.005945
0.005779
0.005884
0.006002
0.006227
0.00511
0.004396
0.004093
0.003828
0.003486
0.003473
0.003458
0.003654
0.003597
0.003594
