30
30
39
31
40
33
31
45
22
28
46
33
28
39
27
35
52
18
54
8
35
28
34
36
39
29
16
32
8
35
38
28
29
19
38
26
27
39
31
24
44
35
26
4
35
19
23
26
24
32
37
23
39
6
30
20
39
27
31
24
30
47
45
39
23
39
39
31
17
35
40
39
28
30
47
31
45
31
41
38
20
21
34
40
31
42
38
37
23
13
23
31
32
38
23
34
26
23
42
30
44
45
42
48
26
39
32
35
37
42
25
41
35
32
23
27
31
10
32
44
17
31
46
38
32
39
37
28
41
38
33
37
44
43
42
23
10
49
44
33
10
20
41
36
49
40
24
14
35
38
20
31
38
42
38
33
27
32
31
14
33
33
29
45
32
25
30
31
47
35
36
39
33
28
14
47
35
32
39
30
50
42
41
20
34
43
25
44
39
42
38
30
43
48
39
28
14
24
37
22
32
23
28
39
32
27
30
26
31
39
18
34
46
21
29
31
32
20
19
26
29
36
30
26
25
18
30
37
41
30
34
29
37
34
36
25
32
20
14
44
24
36
28
16
30
28
53
31
26
24
30
23
40
37
36
46
46
46
31
29
31
37
35
45
28
22
24
40
33
39
27
38
25
23
16
2
34
36
23
35
14
44
42
30
25
32
20
41
33
30
40
28
37
25
38
30
30
32
53
32
32
50
20
34
29
19
32
15
29
28
14
43
23
32
35
22
21
40
23
26
27
38
19
42
51
23
34
38
38
38
41
24
42
46
34
35
33
32
31
49
37
24
46
20
34
36
38
46
37
25
2
26
29
37
17
30
15
23
43
34
39
31
31
38
43
32
22
43
23
16
40
30
7
44
37
27
29
17
26
47
28
29
35
27
34
28
26
38
35
15
39
32
24
26
35
18
36
29
26
36
46
34
33
32
53
44
35
24
31
33
33
33
31
33
39
39
33
20
37
25
22
43
15
35
25
25
39
46
39
34
40
36
38
35
42
45
29
40
37
41
21
50
35
38
44
33
42
15
41
20
33
44
31
41
35
33
29
22
25
30
36
37
40
16
31
12
32
30
27
30
27
29
48
33
49
35
29
16
28
33
23
43
31
28
41
42
2
39
13
22
28
41
40
29
33
36
31
29
35
26
44
31
22
40
20
38
17
30
34
36
39
20
47
11
14
32
20
44
39
34
25
44
38
11
32
9
34
38
31
17
34
42
22
43
20
28
27
25
28
20
40
48
33
31
43
26
33
32
31
57
40
33
11
36
31
52
13
31
39
41
27
24
11
32
48
33
36
18
12
25
32
36
37
26
41
42
38
31
31
36
44
36
18
42
28
43
36
38
47
31
24
49
27
36
38
39
32
36
28
22
26
16
36
39
44
46
19
35
29
26
42
14
44
22
46
27
37
21
28
28
18
37
19
21
30
11
29
36
27
20
31
30
26
35
24
31
50
37
44
37
26
42
40
43
43
32
52
47
49
32
26
32
42
34
53
12
28
22
40
13
33
21
34
47
15
35
19
37
44
34
45
47
28
27
33
40
30
49
38
28
34
25
32
21
25
25
40
28
34
16
40
51
33
36
17
38
30
43
31
38
31
36
24
40
27
41
44
36
53
29
47
33
31
35
34
19
28
24
35
39
9
43
36
28
37
27
40
24
37
39
28
14
33
29
15
27
39
3
29
37
32
25
42
32
11
23
31
28
35
31
38
32
36
33
38
19
10
30
19
28
48
27
48
19
27
29
34
25
23
34
27
28
45
41
35
40
29
31
35
39
11
33
15
39
36
13
39
39
46
44
43
50
31
24
42
40
24
30
30
20
32
39
31
36
40
38
22
34
29
29
31
41
30
42
38
37
40
17
21
11
35
34
25
21
12
33
34
29
42
44
31
36
22
43
21
34
36
21
37
38
35
23
18
23
19
25
29
41
23
45
35
26
31
36
28
42
25
38
19
34
28
24
16
31
16
44
43
46
5
36
30
29
15
37
45
25
7
19
41
41
36
26
9
39
36
37
39
29
30
23
32
15
13
42
27
34
13
32
33
48
22
25
43
27
39
34
40
39
14
41
15
43
29
20
29
34
32
39
28
29
50
42
38
10
25
39
38
13
31
10
19
45
35
23
23
33
22
31
44
36
38
50
36
26
26
28
29
45
34
25
31
23
38
37
36
26
29
33
29
26
50
43
56
27
33
34
17
15
42
42
36
40
4
27
44
33
27
36
23
23
20
29
38
20
27
34
46
39
19
36
35
19
26
37
11
14
27
43
38
3
