34
20
19
43
27
6
27
19
24
33
15
10
31
21
36
32
29
35
22
33
30
14
12
18
21
9
14
26
12
24
19
26
19
12
21
24
19
27
21
14
32
28
30
19
22
22
22
23
16
23
28
31
23
20
17
33
33
25
20
16
37
26
11
8
32
32
16
0
22
13
20
23
23
24
17
25
27
29
22
13
42
31
27
16
23
22
18
31
32
20
26
39
21
21
26
26
35
20
18
26
30
10
23
33
21
20
31
21
21
30
27
24
19
23
28
29
19
31
40
30
32
23
30
25
38
25
37
41
22
18
37
15
29
24
17
33
26
33
25
18
26
27
30
38
18
26
23
42
12
22
11
23
27
21
23
21
10
33
25
36
18
35
27
22
15
25
34
16
13
31
19
24
19
14
22
23
20
11
25
30
30
30
31
4
28
15
29
27
28
12
21
29
35
25
12
19
27
23
17
43
27
33
22
14
10
28
34
29
15
19
23
32
38
13
32
24
30
24
15
37
20
28
20
16
25
21
21
34
22
29
39
19
35
20
12
19
24
10
26
22
23
22
38
34
4
23
23
15
23
31
23
27
27
36
22
16
25
23
15
32
26
30
23
15
23
40
9
30
41
24
27
20
17
30
24
23
10
36
39
6
10
22
19
17
16
30
24
16
29
35
21
12
19
27
15
27
22
35
25
20
25
17
27
17
46
24
29
16
25
17
17
19
19
27
23
33
26
23
34
32
27
22
19
19
21
8
20
29
23
22
18
1
27
38
22
21
24
21
17
30
38
18
27
28
33
27
16
5
29
26
34
15
13
35
36
24
15
25
29
8
19
35
19
18
24
18
21
19
38
22
11
22
27
18
16
26
25
29
24
23
24
18
29
25
26
26
16
24
21
27
19
19
36
11
18
29
14
26
32
19
34
37
27
35
22
24
13
21
33
34
26
37
25
19
20
44
19
17
16
28
19
33
21
26
16
19
28
19
21
28
33
27
32
24
30
24
27
27
39
28
25
20
26
28
31
24
39
31
22
20
21
11
35
22
26
14
23
37
26
30
16
26
25
32
16
19
26
26
12
17
29
23
25
33
18
25
32
23
26
28
33
24
17
14
22
23
21
16
25
33
27
38
25
27
16
22
30
28
20
28
16
34
33
39
22
24
16
22
16
21
35
23
21
27
28
41
16
25
32
39
24
31
29
8
23
22
26
15
13
31
21
24
15
22
40
29
17
8
34
26
25
26
16
24
20
24
25
26
19
17
15
24
30
25
37
20
35
20
26
30
22
19
19
34
21
13
30
21
31
31
18
23
27
37
28
21
33
26
19
16
17
33
18
31
16
22
30
29
14
21
18
29
19
24
23
23
21
23
20
21
24
18
23
33
30
32
31
27
18
19
31
21
31
22
18
17
4
21
24
26
23
26
34
16
21
20
14
20
25
19
33
16
35
15
11
25
9
26
33
27
19
31
19
42
29
22
21
21
12
22
25
21
26
8
21
34
33
21
12
20
18
25
12
24
27
22
27
26
7
19
19
21
30
22
22
20
27
15
9
36
38
15
23
20
23
29
31
29
24
28
32
23
30
14
19
38
20
27
26
19
29
29
23
31
33
32
30
12
18
20
26
23
35
30
24
27
16
27
28
21
13
26
23
24
25
20
1
22
31
32
17
27
15
13
18
29
27
15
14
34
37
16
26
23
30
25
24
47
18
29
24
12
20
35
10
18
18
16
18
31
27
46
22
30
28
18
13
19
27
27
26
18
17
11
31
16
15
34
27
20
28
24
24
16
25
27
26
28
31
28
8
22
37
28
34
24
31
23
28
26
17
3
20
22
24
27
24
22
18
39
26
28
27
19
13
27
22
26
8
25
27
27
13
12
19
28
31
28
26
1
20
29
18
27
22
29
9
17
25
20
22
20
32
16
25
15
23
13
24
29
26
22
19
26
17
29
17
25
29
8
25
15
17
25
34
18
24
26
25
2
25
28
36
18
20
21
1
26
27
30
5
15
29
29
21
21
22
10
26
20
26
14
33
14
12
29
34
26
26
26
31
26
31
13
6
20
22
30
25
26
21
27
27
29
28
22
18
11
19
36
31
40
30
27
20
25
23
5
29
18
15
30
20
20
29
26
22
35
18
23
26
21
11
19
28
26
20
19
30
27
28
29
29
27
21
32
20
31
26
38
13
14
32
28
28
19
26
23
29
23
29
12
25
15
21
24
22
20
17
19
12
25
10
16
25
32
25
21
23
27
17
30
16
29
13
28
26
32
25
28
