4
11
12
11
7
1
21
22
16
32
20
19
11
10
12
21
11
18
14
13
24
9
14
19
18
20
19
16
13
14
11
17
14
7
21
22
22
10
20
36
25
16
21
11
15
28
7
11
12
12
9
17
11
27
25
20
17
23
0
19
16
36
20
19
27
22
12
32
26
25
20
25
0
17
23
16
19
12
14
17
16
27
13
15
17
15
16
17
24
22
13
24
10
19
23
22
19
21
15
17
18
14
14
27
32
23
20
13
19
22
22
16
17
15
4
13
33
13
22
16
20
24
14
17
23
11
20
18
22
27
20
19
21
18
20
24
21
19
22
17
19
12
19
11
6
14
10
11
22
20
10
16
5
16
8
8
7
6
14
24
21
11
16
13
17
17
13
24
8
23
20
16
9
14
17
16
16
20
24
19
26
22
14
12
20
18
11
16
13
20
18
24
25
35
18
15
14
10
18
13
10
15
14
21
14
18
13
9
37
0
12
13
13
23
18
17
20
16
14
20
23
19
13
22
14
22
15
17
12
12
21
17
11
14
17
15
16
16
21
28
7
20
23
32
15
13
14
17
26
17
12
23
9
11
17
14
14
28
10
11
25
15
13
12
17
12
26
14
10
13
25
13
18
24
7
13
17
8
23
12
15
19
21
15
21
15
24
26
14
19
20
23
16
10
17
25
15
13
22
22
13
20
22
28
20
14
15
16
17
20
14
28
17
17
21
14
22
17
17
20
8
19
12
17
17
38
11
23
16
18
14
16
12
6
12
27
16
16
26
18
22
24
14
24
29
22
13
20
18
24
20
22
14
18
16
19
22
33
14
20
24
22
19
24
12
19
18
24
16
16
15
16
28
29
9
18
21
26
22
21
20
11
19
22
15
20
19
24
16
10
19
15
18
11
9
15
18
10
12
3
9
17
23
19
10
14
19
19
16
25
14
19
23
9
25
21
21
10
13
24
18
12
15
9
22
9
12
10
22
16
17
18
19
16
27
15
4
21
22
17
15
19
23
21
29
28
14
8
15
12
30
17
23
21
9
17
24
19
20
10
7
16
12
23
16
19
18
21
13
22
15
15
15
9
14
23
18
10
18
23
14
15
21
9
17
29
24
22
10
21
19
13
12
16
11
14
17
21
18
17
17
16
29
12
8
17
15
17
25
25
22
37
11
26
4
18
22
13
16
19
24
15
33
23
16
15
17
4
17
23
22
13
20
22
25
17
16
16
30
15
13
24
10
27
27
24
15
20
12
16
15
8
31
6
24
19
15
15
14
10
3
16
19
13
18
30
30
16
15
19
17
19
19
11
15
22
7
18
24
10
22
12
12
21
17
20
18
19
19
14
22
18
10
21
12
21
16
14
22
18
21
13
12
29
20
15
21
26
15
22
11
11
13
9
22
22
18
25
20
22
28
14
17
12
28
17
24
20
18
20
14
15
18
21
13
18
8
1
19
20
19
13
13
27
23
13
15
20
17
19
23
3
18
26
14
22
7
21
12
25
23
33
7
22
11
7
17
17
12
12
18
17
24
26
18
26
17
15
20
8
22
13
37
34
21
13
17
14
13
20
13
21
11
21
10
19
15
20
11
17
20
16
18
22
16
16
13
11
15
30
18
21
20
19
18
10
17
21
20
13
15
8
17
4
24
22
21
15
5
15
25
17
30
20
36
20
2
13
28
10
21
14
15
7
14
15
8
13
24
17
15
13
4
18
11
25
5
15
11
16
10
20
26
18
19
12
8
21
21
16
22
14
27
15
18
32
10
23
23
15
18
16
18
30
31
19
27
21
19
13
34
26
24
28
22
13
27
14
16
22
21
12
23
27
13
16
17
26
17
14
21
16
20
19
16
17
17
18
12
21
16
30
22
17
19
17
18
21
14
13
19
26
14
20
20
23
25
28
17
14
18
8
23
19
11
8
16
20
14
8
23
28
22
20
29
21
19
19
15
21
23
24
23
16
18
15
3
17
18
16
25
15
18
17
17
19
12
23
30
19
23
19
15
19
19
21
22
39
16
28
19
16
18
23
20
17
18
23
16
22
16
25
10
18
13
18
18
11
20
18
26
17
30
19
25
16
20
3
14
12
8
14
26
21
22
2
8
22
15
11
24
14
14
15
17
23
14
19
9
20
12
24
17
13
24
26
17
22
19
20
19
27
10
20
18
13
17
19
24
25
26
5
13
17
20
10
24
12
15
19
23
15
31
34
13
6
7
12
23
15
19
19
20
19
20
12
23
15
15
13
14
14
23
17
21
29
4
20
23
17
