28
33
16
33
29
9
29
19
24
30
19
27
6
25
30
20
32
24
28
23
29
23
39
35
25
34
26
46
29
33
27
21
24
29
30
30
20
30
28
41
21
26
34
45
34
20
30
26
31
9
37
28
42
39
27
34
43
22
20
28
29
22
36
44
28
18
21
38
32
37
38
11
25
31
35
15
34
29
32
38
23
29
26
30
17
0
21
23
30
23
38
30
22
34
22
30
23
23
31
12
28
16
26
35
28
16
14
25
10
30
16
29
36
40
20
17
36
24
32
24
27
35
37
22
24
30
21
26
25
30
28
23
31
8
25
24
33
23
29
38
20
37
34
40
39
28
22
16
12
47
28
25
45
15
40
20
28
7
16
31
24
24
22
39
19
22
24
19
16
38
29
33
27
38
30
42
27
36
31
19
20
41
35
31
20
19
35
25
18
25
38
26
28
31
28
35
27
24
24
20
2
36
16
24
40
34
37
33
35
22
31
33
18
29
18
35
30
24
36
12
34
30
21
28
34
34
37
36
36
25
31
29
19
19
40
30
15
46
19
14
33
33
26
26
18
37
21
32
31
26
23
23
22
23
30
27
20
23
22
32
27
26
33
29
21
28
16
37
26
23
9
29
41
30
26
36
25
18
35
35
20
26
37
24
29
16
10
39
26
31
38
26
24
20
33
39
18
26
29
36
21
34
18
35
34
18
21
31
23
4
33
28
27
28
20
38
31
32
36
40
7
32
28
30
31
27
14
31
20
22
25
22
20
26
31
29
28
30
20
31
24
37
42
29
34
30
30
22
23
30
35
29
40
31
38
33
27
12
37
18
23
29
20
39
29
1
40
9
24
14
22
24
31
19
26
34
21
11
33
34
39
11
30
20
44
23
17
19
33
29
16
18
30
17
20
20
31
41
33
39
39
26
22
23
33
28
30
38
40
39
30
28
22
29
24
34
23
29
11
23
27
18
41
32
26
38
22
20
26
39
41
21
23
33
26
45
29
28
33
32
20
24
0
37
26
26
44
29
24
25
22
31
34
24
28
36
26
33
35
36
19
8
23
22
1
30
39
34
22
49
24
14
33
14
24
25
25
25
24
30
28
22
33
30
41
23
22
22
8
23
15
19
32
36
24
40
34
8
39
19
30
23
22
19
27
22
34
20
35
33
27
30
37
13
37
31
35
21
22
33
32
17
23
24
29
24
27
25
41
28
22
28
29
23
46
36
30
34
26
32
40
29
13
32
29
27
44
34
23
38
34
11
8
22
24
25
23
5
12
33
5
22
37
49
38
21
29
43
25
12
27
33
12
13
32
20
36
20
22
21
5
18
30
31
29
24
19
23
33
29
18
30
21
43
34
33
35
43
44
38
37
22
17
40
32
14
32
30
34
38
36
24
41
19
28
37
22
32
41
33
19
37
25
33
26
30
34
37
25
14
37
47
38
32
26
22
27
31
27
19
25
30
31
39
29
34
17
33
38
22
29
17
28
25
21
19
25
22
33
37
40
17
36
31
23
30
34
34
35
30
27
31
30
24
33
18
30
31
11
10
26
30
26
29
31
24
29
32
20
45
41
27
24
35
32
29
14
32
35
8
26
13
14
42
23
26
24
35
18
25
26
27
22
39
37
33
30
27
27
25
26
29
25
38
30
24
28
31
26
21
41
31
35
34
31
38
33
37
36
5
30
18
24
17
21
17
12
29
7
25
32
25
35
20
31
37
27
28
19
17
24
25
34
47
26
34
35
48
23
35
32
26
11
34
27
21
37
29
36
31
20
31
13
22
37
26
37
37
18
19
10
26
28
33
23
33
25
31
30
19
35
14
26
30
17
30
39
29
33
26
26
25
34
35
1
34
22
29
27
29
32
34
30
34
34
21
15
25
15
20
36
22
51
29
27
15
28
31
24
38
34
19
21
38
17
23
38
37
19
29
33
5
31
26
33
13
20
24
34
17
26
38
14
13
35
35
33
29
8
29
30
23
20
32
28
27
31
31
22
37
33
27
28
32
24
38
30
30
38
25
13
19
25
16
23
25
35
45
30
15
38
24
27
32
24
30
7
24
46
37
34
28
21
34
23
29
29
26
36
17
34
23
35
37
35
23
17
30
41
25
31
37
36
43
31
30
39
3
18
7
30
36
34
28
15
26
21
9
36
25
21
31
33
33
36
27
25
20
22
11
23
14
28
29
20
21
25
27
27
30
25
38
35
41
31
36
24
19
33
28
32
29
27
28
30
39
29
19
21
38
25
27
42
23
31
15
15
47
29
26
