14
27
23
20
22
24
25
27
21
23
24
22
23
24
22
25
20
24
19
21
11
16
21
23
17
22
23
16
6
13
19
16
17
29
26
26
10
20
23
11
26
16
34
14
20
26
18
20
14
23
33
6
23
22
27
20
30
27
21
26
11
13
29
21
20
24
19
27
5
16
28
18
21
27
25
15
33
25
15
21
19
4
19
26
32
20
12
20
20
23
25
24
30
22
12
6
14
16
28
11
13
18
30
20
21
13
23
18
20
10
34
21
14
19
19
25
10
9
17
19
24
22
23
30
25
10
34
8
22
24
24
16
27
24
27
27
22
18
18
25
20
22
21
29
24
17
24
23
37
14
18
21
15
22
25
20
18
15
17
19
22
29
23
17
25
29
36
19
34
27
9
19
24
11
8
26
22
31
34
22
29
7
14
7
17
20
28
26
12
19
29
18
31
13
5
22
21
19
23
23
30
16
22
24
19
28
33
23
20
32
20
20
17
24
22
24
15
22
3
32
19
19
11
15
12
27
16
29
26
10
21
32
11
24
32
20
14
23
24
10
7
19
25
35
9
23
27
22
12
14
22
19
13
21
22
24
17
25
21
17
17
16
14
18
35
29
15
26
18
12
22
14
20
30
21
21
26
29
23
18
25
28
18
19
22
26
5
36
27
14
19
23
23
26
15
27
20
18
22
4
28
22
16
19
14
9
20
18
25
28
25
16
25
30
14
23
27
27
18
9
29
21
27
25
27
21
18
21
24
18
26
8
23
14
20
29
9
24
25
25
26
20
24
20
25
19
19
16
26
19
24
26
24
25
21
4
25
21
24
11
15
24
20
16
19
20
17
6
15
18
17
30
16
31
23
33
25
19
20
21
3
10
21
25
9
19
20
25
37
32
13
20
7
11
20
18
30
28
20
18
13
17
22
28
16
17
12
21
19
21
16
24
21
10
27
17
15
28
22
18
32
23
11
28
14
26
35
20
7
22
20
18
18
30
19
29
25
16
21
11
15
22
12
23
15
23
24
22
29
18
27
20
23
11
26
22
17
14
32
19
28
21
25
29
8
18
16
29
21
25
26
27
23
19
16
22
19
21
27
15
25
19
14
17
18
23
22
29
9
6
21
17
19
18
14
19
26
16
17
25
22
20
22
24
21
19
22
19
27
20
20
23
19
25
5
34
13
26
17
28
13
17
19
34
33
23
21
33
21
20
16
6
27
14
5
15
23
15
21
27
32
10
26
21
24
25
20
25
15
23
30
21
31
22
22
33
9
16
25
20
15
26
8
22
22
14
12
22
9
21
21
21
23
18
25
36
17
32
14
19
28
15
19
24
25
19
25
19
15
14
25
28
13
24
21
24
31
30
23
11
15
29
27
25
33
17
7
25
9
11
18
30
10
22
18
23
17
22
20
19
22
32
15
7
23
18
16
27
29
1
27
15
15
16
27
25
10
19
22
18
32
28
19
21
23
26
27
15
2
33
21
23
28
22
29
20
5
21
24
19
20
29
21
22
22
29
24
21
24
28
23
25
10
10
12
18
19
25
25
7
19
21
25
20
24
17
29
35
20
23
31
23
12
25
11
28
21
28
20
15
19
28
27
23
17
25
26
31
25
24
15
21
25
12
16
19
20
16
19
22
21
23
18
17
23
24
18
19
23
23
19
28
25
29
20
12
21
7
11
22
23
20
6
27
23
18
20
29
24
18
20
23
21
12
14
34
13
29
24
30
28
35
23
22
19
24
16
19
29
17
35
24
24
21
26
29
21
19
20
15
15
16
17
17
11
26
13
23
18
21
16
21
15
12
21
28
27
20
30
22
29
21
24
21
6
20
11
20
19
31
15
27
20
28
21
6
20
24
7
7
24
23
29
31
24
11
26
20
18
19
14
28
17
24
14
17
12
22
22
19
22
22
23
17
31
22
25
27
24
16
13
26
23
21
16
20
28
19
14
19
26
22
30
18
24
19
26
17
27
23
23
23
16
17
28
22
30
23
16
25
18
24
26
27
23
10
20
23
31
21
12
20
11
10
17
20
20
25
25
19
25
20
11
21
20
12
11
19
19
24
32
19
24
23
18
22
19
30
28
32
22
9
7
17
15
13
20
13
19
17
10
23
19
22
14
13
20
18
24
16
11
26
16
21
22
21
20
30
29
17
19
5
14
17
16
11
14
17
13
32
26
36
22
18
24
23
20
14
23
23
21
20
19
20
22
34
19
15
21
23
27
15
13
24
24
16
25
22
24
24
18
33
18
24
24
22
11
24
11
23
