38
48
24
20
39
41
28
42
38
51
27
47
43
23
38
43
28
27
23
35
53
14
50
43
34
36
45
26
45
49
55
29
44
23
15
14
28
40
28
46
45
32
29
44
42
22
34
32
42
54
35
43
11
48
45
32
33
38
22
40
38
37
41
24
46
45
42
16
36
17
42
35
48
24
43
31
3
39
31
34
24
28
35
37
42
35
26
48
48
47
49
40
31
32
40
39
26
34
43
41
43
43
40
43
23
23
31
34
35
42
54
27
37
2
44
55
50
36
32
34
27
35
26
33
39
31
28
43
44
34
40
39
45
42
33
44
37
38
55
33
30
30
31
18
30
33
36
17
59
22
49
21
36
36
36
48
30
33
37
34
46
13
40
13
46
24
48
36
42
29
4
47
39
18
30
39
19
46
35
47
35
57
43
15
56
41
34
50
39
37
42
47
22
37
41
31
46
21
38
39
24
39
27
50
43
47
39
50
39
39
20
33
54
39
50
47
38
27
38
46
28
29
46
8
31
25
54
20
15
52
50
32
37
43
24
33
6
42
36
38
39
43
63
53
19
40
43
43
44
26
43
50
45
24
46
36
21
36
9
47
30
37
31
39
35
31
29
22
50
33
42
27
31
25
44
43
20
39
34
6
31
37
25
43
49
39
21
38
28
34
39
52
44
24
43
46
45
44
37
23
34
44
35
51
20
50
31
35
34
46
47
39
39
43
47
50
26
41
36
52
26
26
11
48
35
26
49
22
35
46
35
33
31
36
30
52
37
44
35
20
58
36
15
39
34
33
34
48
51
46
36
40
39
28
41
35
35
54
33
26
24
28
36
16
35
35
44
42
47
29
40
51
31
45
27
55
24
35
43
37
42
30
34
27
34
35
37
31
40
31
33
37
47
33
37
39
35
46
44
43
32
37
33
53
42
48
49
39
37
47
53
12
37
15
26
27
26
54
40
28
24
42
29
46
17
29
52
15
48
43
35
32
24
41
47
23
12
32
39
30
47
19
36
41
39
33
42
37
37
43
34
29
40
40
36
13
35
44
53
40
33
54
54
43
40
36
28
47
31
22
41
30
50
42
45
43
45
33
43
58
35
34
30
37
30
36
23
46
35
40
18
23
34
43
39
38
47
37
38
32
26
44
40
51
41
21
31
42
56
28
27
46
43
40
19
27
27
48
33
44
39
58
45
32
51
32
32
48
20
27
42
47
34
22
42
26
48
50
28
39
33
39
23
41
46
42
54
32
42
45
37
34
48
16
31
25
19
51
34
33
29
36
45
35
16
36
43
25
52
49
12
32
26
50
22
39
22
37
38
49
38
24
34
34
35
38
20
39
48
42
39
44
45
38
30
47
35
53
39
52
23
29
24
41
42
40
42
36
56
36
55
20
32
46
50
41
40
37
51
35
24
26
38
28
45
45
45
33
41
47
29
45
24
43
50
46
23
38
22
15
26
35
38
22
28
50
36
38
32
30
51
33
33
42
41
30
32
37
48
32
47
19
38
40
50
36
36
38
44
37
39
42
36
48
33
30
40
59
58
37
47
37
27
26
42
40
51
52
35
29
42
52
40
22
42
20
21
28
45
28
53
29
45
44
46
41
48
26
47
37
35
11
37
28
38
39
25
27
37
40
25
20
28
41
52
38
27
30
42
20
38
35
26
56
37
22
37
46
41
47
42
39
34
58
26
38
22
38
45
29
38
45
33
32
38
5
37
46
40
45
35
38
24
31
34
43
18
53
34
22
27
32
22
48
38
39
43
43
19
24
44
59
26
30
42
34
27
35
32
38
36
37
28
31
43
45
42
21
46
35
36
48
45
15
24
47
37
39
49
46
45
34
38
25
46
38
34
46
51
22
16
41
25
34
47
41
31
53
12
34
33
40
44
20
39
37
39
28
43
37
45
21
39
43
34
41
47
35
36
46
31
45
46
43
35
43
43
22
42
37
28
55
24
33
52
25
37
39
25
29
34
6
53
37
36
40
16
6
43
33
27
34
33
26
48
36
50
15
37
41
2
24
34
47
34
38
11
42
47
36
30
32
44
47
34
34
35
42
49
28
42
43
31
43
38
37
29
20
36
27
31
14
34
24
36
36
49
33
29
41
42
26
27
32
52
32
35
46
30
50
43
44
37
39
43
34
31
39
40
39
17
44
55
47
19
42
38
33
47
56
11
25
41
46
28
26
32
44
45
29
36
39
41
46
14
34
46
47
49
48
43
34
40
35
33
43
43
45
58
43
55
40
28
23
4
49
38
30
47
58
