47
62
50
42
19
43
54
30
23
58
44
49
6
47
27
55
37
41
54
56
35
42
47
50
51
20
33
66
35
46
41
30
39
40
44
47
12
43
33
30
35
41
45
26
51
45
33
33
24
52
66
42
54
52
35
50
42
47
53
38
55
33
46
61
42
41
20
42
46
46
45
44
30
35
40
30
44
58
9
34
54
47
46
54
40
36
49
47
28
33
58
31
42
46
19
54
54
46
42
36
35
48
37
35
30
45
18
40
8
59
40
43
51
35
39
58
5
46
50
49
47
51
38
48
38
34
53
42
26
26
31
34
51
23
32
49
46
45
45
51
44
19
56
56
26
36
39
4
29
41
47
33
39
50
58
64
32
53
38
47
58
56
45
40
68
34
40
39
35
41
31
42
46
43
49
17
32
46
36
49
57
49
29
51
38
35
51
37
37
43
42
12
47
34
48
46
37
0
41
28
59
56
61
46
41
47
51
48
33
49
20
41
1
26
45
30
43
8
36
40
25
48
36
47
47
13
36
51
14
33
39
66
27
53
1
22
33
50
20
48
49
31
57
34
46
40
51
50
42
53
31
32
42
39
29
33
24
29
37
53
57
35
44
18
38
37
63
48
51
37
43
57
34
41
30
61
46
37
44
33
39
48
28
43
38
45
42
17
28
25
53
37
14
32
48
54
25
64
16
12
26
38
39
26
43
50
49
21
45
52
40
47
44
42
29
41
34
39
43
1
57
41
48
42
55
38
48
53
42
27
38
47
47
58
0
60
40
31
45
52
41
42
15
29
49
60
38
56
42
34
44
50
21
23
40
39
37
42
36
55
52
44
9
21
57
43
35
48
55
55
60
39
46
59
43
40
36
26
32
41
28
33
43
60
34
27
42
45
37
20
44
32
43
45
51
47
7
49
32
49
47
39
52
42
18
35
39
36
51
21
22
48
38
33
45
42
43
51
39
23
57
49
34
42
42
40
52
53
34
48
39
56
59
54
42
49
50
39
46
55
52
44
36
31
41
48
41
34
52
51
48
27
42
21
16
50
56
45
33
17
15
40
45
33
40
63
16
39
54
58
45
61
58
60
23
47
40
43
43
30
30
37
33
40
38
29
34
52
54
42
50
42
14
54
56
20
25
33
36
51
39
34
42
38
70
19
36
48
37
58
36
14
60
29
12
53
52
36
52
67
50
53
56
36
52
35
50
44
29
43
43
26
57
39
54
38
47
37
33
35
47
43
36
21
51
66
44
34
43
49
27
28
35
28
63
32
58
32
52
31
40
44
37
30
41
22
50
39
55
50
47
51
37
42
44
18
43
41
44
23
31
43
50
56
49
56
40
37
58
43
39
40
55
13
66
54
45
29
44
30
68
37
49
30
60
43
42
45
31
48
49
49
28
19
42
51
57
46
45
48
39
43
42
54
30
34
21
42
34
27
29
51
39
45
55
27
1
43
49
55
60
58
28
41
46
60
45
44
54
36
57
21
19
33
18
40
46
46
21
46
57
39
43
35
24
44
19
25
52
22
5
39
54
53
43
27
50
52
30
44
51
59
63
47
40
24
31
34
33
43
46
27
56
25
28
39
27
37
50
55
29
34
2
47
59
37
48
53
48
53
49
37
51
51
2
28
35
32
44
58
47
58
45
51
18
28
51
60
55
46
53
49
21
32
47
36
36
33
46
51
47
33
26
30
42
46
49
2
45
31
38
44
36
64
48
13
41
26
41
30
46
29
14
46
22
51
44
22
43
42
41
53
29
55
43
45
29
39
28
59
37
47
30
27
33
33
34
53
61
69
31
57
54
50
11
53
28
33
51
43
50
6
44
55
32
37
56
36
48
56
43
53
37
43
36
40
53
29
34
36
60
53
31
35
27
58
54
62
58
49
53
49
23
42
49
21
15
46
35
38
18
49
37
23
28
38
30
43
40
61
15
52
64
32
58
45
35
39
58
33
53
60
51
10
56
31
45
49
45
39
32
30
38
50
36
50
35
43
47
51
41
33
47
27
30
24
45
33
51
31
33
41
46
36
45
59
48
40
36
52
24
25
41
42
46
33
18
61
53
50
29
39
43
36
35
21
40
51
47
45
44
34
26
51
38
53
57
41
42
3
47
20
40
38
14
48
28
25
7
32
50
20
51
27
44
53
34
58
46
28
33
49
44
53
48
47
56
47
35
52
23
33
49
21
38
48
44
61
32
26
2
34
59
44
43
47
19
41
34
25
51
46
54
29
73
41
48
44
49
48
34
47
53
42
39
56
40
49
50
40
