29
39
47
47
41
52
31
37
54
44
51
31
35
29
27
45
61
31
15
36
40
35
39
42
12
38
37
23
40
43
20
29
25
38
32
19
38
37
34
46
24
39
26
11
59
40
33
48
11
32
29
41
30
38
34
45
25
26
33
7
32
45
25
28
35
42
34
24
31
44
17
49
54
43
41
40
39
42
45
23
32
49
29
18
19
26
40
52
13
22
32
34
39
27
39
34
36
43
29
32
15
40
42
23
29
40
21
13
35
9
40
29
58
39
22
18
23
37
43
36
36
36
31
33
31
45
42
53
55
34
16
42
51
38
30
25
31
39
35
40
31
29
29
40
26
38
54
7
38
38
41
33
41
48
38
51
15
38
31
37
31
17
47
26
32
55
62
43
39
41
36
33
33
42
54
45
30
34
33
35
38
20
24
20
16
41
48
43
2
47
35
39
26
38
31
32
27
17
37
44
22
39
36
29
30
54
33
31
45
38
32
40
42
53
31
41
39
45
35
26
30
50
38
31
39
45
38
39
40
47
19
32
42
32
23
35
35
17
36
27
29
22
33
6
53
15
22
32
14
29
35
38
41
33
48
40
37
41
46
37
26
38
28
25
10
26
27
34
21
36
52
24
30
26
28
46
30
32
21
35
22
37
28
27
17
44
40
33
26
20
51
49
27
44
50
24
36
33
26
44
29
42
30
22
56
30
41
45
42
37
38
42
53
31
28
42
11
40
33
39
24
25
26
32
28
56
48
25
18
42
29
31
35
17
35
17
41
45
57
38
41
34
32
16
22
49
36
26
34
54
47
28
30
46
38
39
22
36
50
29
26
18
31
2
38
50
48
17
4
32
26
29
32
32
40
49
33
27
44
32
38
45
38
42
28
39
29
20
31
39
36
32
27
35
22
39
47
22
29
33
39
24
40
22
43
32
48
26
35
41
34
27
33
48
41
35
41
39
27
35
23
36
45
33
42
23
34
37
31
32
24
38
20
48
30
22
42
27
31
52
15
35
39
36
26
44
40
30
36
51
46
16
23
27
40
20
49
34
22
35
33
39
44
35
36
32
51
52
45
40
41
22
26
36
35
52
43
34
26
45
62
33
43
32
24
25
19
31
57
35
29
33
45
22
40
41
41
31
23
33
42
25
26
45
20
33
33
40
19
41
50
45
23
45
14
40
34
33
33
24
41
35
26
53
37
44
32
33
23
0
35
35
25
45
31
45
35
51
45
8
34
18
28
32
33
53
41
37
32
44
48
35
26
30
29
27
32
46
40
41
56
47
35
37
46
27
39
8
26
51
57
39
29
26
45
26
38
45
34
32
50
33
35
27
31
38
37
46
25
41
8
37
28
45
46
40
43
33
14
45
49
37
35
48
28
28
32
26
30
48
13
46
35
44
44
38
29
37
33
39
45
11
42
18
45
33
46
25
9
48
35
37
26
39
44
37
23
39
36
32
23
35
41
39
40
35
33
39
28
42
43
49
48
37
39
26
28
34
56
39
13
40
27
25
45
32
33
42
35
36
29
27
51
39
25
49
42
34
31
36
47
25
48
28
37
54
43
35
40
42
38
41
16
28
31
29
44
31
47
32
44
30
42
10
56
39
29
24
37
26
51
34
35
29
25
36
41
53
28
37
49
1
30
33
48
52
27
31
27
43
47
42
33
33
40
50
32
35
17
35
41
29
18
37
32
44
33
23
52
17
44
42
41
29
30
14
33
45
51
39
23
31
38
43
34
27
50
20
36
48
37
24
18
31
41
24
15
42
40
30
41
42
44
28
38
35
33
19
42
32
24
27
40
28
33
34
28
6
24
39
33
56
23
23
26
26
36
32
29
28
31
23
44
33
51
40
24
50
37
43
31
40
34
40
24
37
6
35
14
26
41
47
35
44
39
36
46
13
44
49
12
5
17
38
33
52
22
30
29
8
35
33
22
32
18
33
24
29
40
47
21
44
27
33
20
42
37
25
43
22
10
49
36
37
32
55
58
24
29
36
13
35
41
40
49
39
50
34
21
38
26
29
51
40
37
34
39
41
43
41
46
37
51
49
36
55
38
35
20
24
24
1
39
53
35
45
45
43
36
21
43
31
43
29
28
26
52
48
41
28
46
47
34
33
16
28
43
36
37
42
36
27
26
48
34
18
34
40
31
24
24
44
28
53
14
51
37
16
39
53
26
35
41
31
32
28
24
46
22
25
42
28
47
17
18
34
42
36
40
29
42
27
31
17
40
39
26
32
36
31
35
33
34
29
9
27
36
43
25
19
