35
26
20
19
32
38
35
21
28
41
47
38
33
33
42
9
42
34
24
10
31
27
3
29
32
18
9
25
42
25
31
31
26
22
30
12
17
39
20
21
30
47
42
32
22
29
40
32
30
33
14
30
33
40
47
37
29
19
10
40
41
29
40
24
23
36
40
32
27
25
17
31
34
23
43
46
48
10
11
45
38
34
28
26
36
18
37
45
37
36
29
32
32
30
30
32
39
28
30
44
23
17
18
38
24
13
31
35
19
36
40
43
40
41
31
28
14
29
33
36
22
33
34
35
27
28
33
27
27
34
23
22
36
33
45
24
18
47
36
36
19
22
29
24
38
40
29
51
33
29
29
38
38
19
43
23
32
40
38
51
29
30
45
35
33
41
9
24
31
44
31
31
14
3
35
33
30
27
29
40
22
40
23
30
35
29
32
29
27
12
26
20
40
30
36
44
27
22
21
30
37
31
35
38
41
41
48
25
28
25
15
34
2
29
39
17
33
31
28
31
40
28
23
26
23
36
34
27
33
32
26
28
40
38
23
20
29
21
31
29
25
36
25
33
27
17
37
41
19
32
32
33
31
25
29
36
16
26
20
42
31
36
21
49
39
16
20
34
46
32
22
40
29
26
35
44
40
34
26
32
31
20
28
17
44
11
3
38
36
42
27
44
32
28
30
39
28
27
34
40
37
37
44
35
28
37
26
17
34
2
34
56
37
30
24
22
0
34
31
25
34
27
27
1
35
29
41
28
37
27
27
39
15
17
40
35
24
28
34
36
42
41
42
35
27
33
24
40
32
31
26
35
28
50
42
24
26
20
24
30
30
41
9
3
35
44
33
23
31
26
28
40
24
25
32
29
15
22
35
46
16
38
22
45
28
26
35
40
36
43
5
35
27
26
41
35
29
42
27
35
26
37
43
28
31
34
18
6
39
39
26
20
26
38
31
30
19
39
18
33
27
35
33
18
26
26
15
14
38
25
17
31
23
28
2
37
37
36
7
20
7
26
24
27
31
28
24
7
25
37
29
25
29
33
38
18
39
38
28
29
43
25
26
31
18
37
47
32
46
25
23
26
33
36
35
37
46
33
26
38
23
17
36
41
27
31
25
35
28
48
39
11
40
31
37
42
26
38
40
20
45
45
24
41
39
58
24
27
39
33
32
37
10
19
27
39
9
31
27
25
18
32
27
20
29
25
40
35
24
28
29
35
22
37
35
41
21
31
48
43
32
44
36
13
12
39
33
39
34
17
17
16
28
37
49
41
39
29
12
36
37
47
29
33
29
22
33
32
37
35
23
21
26
30
18
38
45
41
36
41
26
23
21
31
34
36
25
35
34
21
23
43
27
36
37
34
23
33
26
33
17
25
25
43
32
26
35
27
14
36
46
36
36
27
30
15
37
35
22
27
38
30
23
24
21
24
38
10
11
35
21
35
35
38
20
43
36
35
27
30
26
22
27
33
38
24
41
21
28
25
42
37
25
33
37
39
35
35
24
28
36
41
10
32
26
27
32
23
28
31
31
21
29
42
34
33
38
18
19
32
2
26
41
23
39
37
31
39
22
36
16
10
38
36
25
36
16
43
40
30
44
40
43
35
11
25
35
33
31
18
29
47
39
21
2
39
32
33
36
35
26
29
42
1
21
38
36
26
17
36
29
34
32
36
34
47
30
24
33
19
50
39
36
34
43
30
26
34
35
33
32
26
30
30
27
13
46
32
34
34
33
30
5
45
45
26
35
48
29
39
39
46
29
33
37
12
31
29
35
27
43
38
31
27
31
34
28
46
40
28
11
38
27
21
29
34
18
42
31
0
27
43
33
29
28
25
34
3
19
25
20
35
12
28
31
38
37
16
34
19
26
7
44
9
38
29
40
29
24
31
26
44
21
34
39
31
30
43
36
35
20
15
23
24
11
36
43
37
32
30
33
7
33
36
24
25
39
45
34
40
24
23
42
37
31
36
30
37
26
34
25
24
33
23
21
33
38
28
36
48
21
6
27
27
25
39
25
29
34
12
20
37
38
29
37
31
46
43
45
32
42
27
30
39
31
35
31
36
48
36
36
47
16
31
35
27
27
36
24
37
24
28
26
26
38
21
28
31
12
28
40
21
22
8
32
44
34
27
40
29
24
31
29
13
38
37
49
34
46
31
43
30
35
48
35
41
43
38
27
28
30
33
29
15
40
13
23
40
45
37
21
29
18
33
14
37
21
18
20
20
40
45
21
29
34
38
45
41
18
35
37
9
15
37
26
33
26
9
38
36
