52
27
58
32
16
27
27
25
36
26
43
20
27
44
36
52
35
47
21
47
38
39
24
48
31
52
14
37
44
29
46
41
36
30
39
42
45
33
35
48
34
37
33
46
46
38
40
43
37
31
36
41
47
33
32
28
21
48
49
6
26
25
43
48
4
40
46
36
52
40
46
37
47
39
38
46
29
24
40
31
35
29
51
58
48
45
32
40
36
43
34
42
53
35
29
29
39
37
31
38
24
48
28
43
48
42
15
18
28
7
19
14
37
21
34
28
48
64
42
43
47
53
43
28
29
42
42
32
33
39
53
35
57
27
58
34
49
57
38
57
42
38
51
43
52
44
33
37
36
31
26
43
26
49
36
46
46
37
47
8
35
42
29
23
33
31
26
37
46
46
19
24
70
45
17
38
51
17
21
26
40
34
54
41
44
31
34
50
29
44
49
28
36
50
31
42
25
38
29
29
54
51
37
32
50
36
35
46
16
22
45
29
48
53
24
27
52
47
47
41
39
30
35
51
26
48
33
46
58
60
16
7
30
19
39
37
51
40
54
32
43
38
38
47
41
47
24
40
56
37
46
30
42
26
25
38
40
46
34
60
20
49
41
30
41
48
45
26
53
13
22
53
47
37
32
34
33
38
1
24
34
52
44
47
45
35
5
29
33
40
50
41
29
21
36
41
33
29
41
56
19
39
29
26
48
37
13
48
34
14
12
45
45
46
34
39
54
10
37
27
50
47
30
59
22
28
28
59
62
31
1
50
41
56
41
27
42
33
34
47
41
33
37
32
46
30
32
45
19
36
8
59
17
9
51
40
47
24
37
58
29
35
43
54
52
40
44
20
34
38
42
45
39
46
57
49
32
34
34
43
27
46
23
73
34
36
42
49
47
29
48
48
37
30
52
42
35
31
47
3
49
26
44
2
48
28
35
48
38
43
39
31
37
55
27
27
33
61
55
43
27
39
24
37
49
36
57
38
31
34
32
6
45
41
51
40
44
47
50
51
27
50
66
44
43
41
34
50
41
40
42
50
31
29
29
37
49
56
29
45
29
24
23
37
62
26
25
38
32
31
39
42
35
38
33
45
44
12
37
30
55
48
29
36
56
37
46
49
28
38
43
13
29
37
39
29
26
50
36
48
57
27
44
28
27
62
38
48
40
45
40
21
11
44
33
53
57
19
42
42
22
33
53
13
44
29
36
46
53
26
36
41
37
46
39
31
38
50
40
25
35
29
53
28
35
15
43
28
26
26
46
59
51
50
45
21
37
48
61
56
37
38
59
38
38
36
42
29
11
48
26
39
46
24
50
3
38
27
12
48
35
24
43
40
39
38
38
30
39
42
46
51
7
31
43
58
47
44
26
40
59
32
33
40
52
58
37
57
56
30
43
54
40
17
24
26
40
14
19
53
36
45
29
39
51
27
36
29
46
52
43
43
51
40
50
58
33
38
35
42
36
43
33
15
27
49
23
42
28
11
41
39
34
38
29
25
49
43
47
46
29
42
0
44
53
38
46
37
50
45
15
29
43
33
39
36
39
47
22
40
40
30
34
34
30
35
38
43
55
47
54
22
16
33
30
37
44
26
43
34
27
43
49
24
30
51
27
30
38
29
57
44
56
52
30
42
38
49
43
51
59
15
63
43
48
56
40
14
52
38
44
49
19
53
40
44
45
25
8
43
51
56
38
14
16
28
56
15
27
40
28
36
48
25
34
44
20
33
42
46
31
52
24
36
24
42
21
53
25
48
42
62
45
39
28
31
41
41
50
31
24
34
25
34
40
45
40
43
45
7
39
23
24
46
39
44
34
15
47
25
26
41
55
35
50
31
45
37
43
27
45
51
34
31
26
22
21
16
52
34
51
45
8
27
33
41
49
37
4
40
46
40
52
25
38
32
50
46
26
28
29
16
29
35
28
61
18
35
28
52
42
47
29
39
40
48
29
51
44
43
38
43
42
35
31
59
35
43
57
61
64
37
49
41
46
40
16
43
56
36
48
25
45
38
27
35
28
31
63
45
38
44
48
38
46
40
44
54
52
39
47
25
40
44
45
46
21
48
30
34
53
53
37
30
12
45
49
52
45
2
56
39
38
58
51
46
51
29
32
52
55
27
28
39
37
31
31
46
44
43
44
41
11
53
37
37
37
38
31
51
12
29
36
39
30
23
41
48
52
53
42
52
45
45
36
26
36
31
52
3
30
30
38
32
38
51
47
34
34
19
33
30
49
49
37
54
28
34
47
44
32
34
63
34
1
29
27
55
51
56
