24
21
35
29
32
9
37
25
32
22
29
19
20
15
27
31
15
34
32
25
31
20
33
25
24
28
18
22
20
26
30
15
37
34
23
26
37
27
16
30
35
27
1
26
26
24
24
40
40
32
26
21
20
31
28
30
17
25
27
23
35
26
30
35
27
29
22
19
31
19
26
23
25
19
34
34
31
26
24
17
20
21
17
26
33
29
34
28
18
33
4
24
28
8
16
9
35
19
26
39
16
29
35
26
7
25
25
27
23
26
23
27
21
19
32
8
23
28
16
16
37
32
25
32
32
32
37
21
15
24
20
13
31
34
23
20
13
38
29
32
17
28
15
26
17
35
21
12
40
30
36
26
16
23
20
36
30
41
32
28
23
12
19
34
42
31
15
31
25
14
23
44
31
17
27
29
34
34
26
29
11
34
26
26
25
14
35
26
30
31
32
21
21
28
30
27
29
29
21
23
29
32
32
25
27
20
25
31
36
28
24
26
29
31
39
27
21
23
35
32
29
32
40
24
27
23
9
28
51
20
29
16
35
23
28
23
10
9
29
25
33
33
13
46
28
2
25
23
28
39
18
24
20
38
14
32
43
33
29
33
18
29
7
41
22
21
34
6
29
30
27
18
26
19
11
20
28
28
23
29
23
29
23
30
25
33
24
25
22
30
29
27
39
26
22
18
27
6
36
33
19
24
21
35
31
36
12
22
40
15
32
23
30
23
21
23
24
21
39
28
33
25
24
14
28
18
22
27
32
31
32
14
20
23
20
15
2
26
34
27
33
40
30
22
16
24
30
25
21
20
24
30
23
24
27
25
35
27
38
8
43
19
23
27
34
18
27
30
24
26
36
23
23
32
26
15
12
34
27
24
27
40
17
26
19
26
37
12
25
24
23
15
11
44
21
25
4
24
38
23
37
24
33
25
38
2
23
19
29
33
22
26
12
28
4
28
32
40
35
26
29
14
34
30
37
23
22
30
29
20
29
14
36
25
31
25
16
23
20
27
22
19
36
29
17
17
32
35
0
30
30
28
34
25
10
34
27
28
22
30
33
15
27
31
19
27
27
10
33
31
22
29
26
15
34
20
28
16
22
18
19
38
30
23
26
14
8
19
30
33
32
24
20
17
33
27
21
18
9
21
19
24
37
23
28
32
25
40
14
15
2
31
20
30
24
28
20
20
34
16
24
39
42
24
38
34
23
17
20
19
24
13
16
21
34
27
40
27
18
20
19
26
22
10
14
35
36
35
9
10
34
28
27
21
31
26
31
18
38
33
23
29
40
18
21
25
32
26
29
38
17
25
24
24
35
19
24
25
15
34
30
16
26
23
30
25
19
13
20
30
33
21
15
23
22
13
24
40
13
30
16
33
34
35
30
26
19
19
31
23
14
35
40
23
13
34
28
34
31
21
17
33
29
18
15
19
13
34
25
25
30
28
31
14
32
19
30
28
33
32
33
31
39
21
33
32
20
26
32
21
22
33
27
28
29
29
25
28
18
30
44
45
23
36
37
27
25
33
37
22
22
19
33
32
27
32
32
27
35
34
30
32
24
25
27
31
31
26
17
18
35
30
27
25
22
29
28
28
23
14
18
28
22
22
34
25
31
15
36
34
31
30
33
29
22
27
23
31
30
22
35
29
39
20
22
19
32
18
28
8
35
27
35
21
5
15
5
1
26
25
24
38
32
14
24
36
20
32
17
34
26
33
24
32
35
29
30
29
20
24
17
34
22
12
17
30
33
31
17
34
25
28
28
17
19
21
27
30
20
14
22
31
24
30
22
21
37
31
27
15
28
26
29
43
35
19
11
26
24
29
24
20
20
22
32
33
22
20
34
27
23
30
31
27
42
20
27
23
22
27
7
24
29
20
28
23
27
27
20
19
12
17
18
22
29
29
25
29
30
31
9
31
34
32
31
31
24
21
26
6
31
20
22
31
29
15
22
22
27
32
29
23
26
28
28
6
33
31
32
36
27
28
41
16
3
19
31
23
27
23
2
34
22
31
26
28
15
25
19
38
13
38
39
10
34
38
41
32
26
24
17
31
33
35
14
24
19
18
32
6
27
12
31
24
23
32
24
27
23
25
34
40
30
26
34
34
24
33
32
24
25
33
27
15
29
42
26
0
26
22
31
25
19
24
20
21
31
28
35
32
19
32
22
26
29
19
38
34
25
18
29
45
30
33
21
28
25
13
23
27
26
9
18
26
32
29
33
31
28
14
36
19
35
34
22
31
33
17
29
43
21
33
25
21
15
33
31
21
20
35
