24
53
52
52
36
46
50
32
41
6
38
47
45
48
45
45
41
40
50
46
45
27
50
20
39
49
35
40
4
60
54
36
45
33
35
40
47
42
36
30
39
42
36
43
14
50
39
26
23
39
54
52
30
40
52
42
48
58
20
34
52
37
43
24
48
48
51
42
41
41
13
43
50
32
43
54
9
34
40
27
26
23
30
41
55
44
34
10
40
47
57
40
37
27
50
38
35
45
41
30
32
37
46
19
44
58
20
44
23
42
40
42
47
38
61
54
32
42
36
29
48
53
42
58
31
42
4
25
30
37
38
50
33
50
52
50
40
37
29
40
33
37
27
49
47
46
32
53
40
43
40
41
31
22
62
14
44
10
52
46
44
20
51
51
44
58
49
38
33
36
49
50
34
30
35
39
51
13
43
45
44
30
32
35
32
40
46
50
7
54
43
44
51
23
40
33
33
14
32
44
49
38
53
29
44
25
47
42
48
57
20
47
35
33
36
49
54
34
55
15
35
21
37
23
20
39
32
38
39
43
55
40
46
32
41
65
39
30
12
27
41
54
21
47
54
15
54
38
37
29
30
54
44
23
27
34
61
33
36
40
36
50
34
56
46
58
41
34
41
40
49
50
43
47
39
38
21
55
52
29
37
19
47
50
37
40
13
49
34
35
59
40
30
34
32
33
18
29
27
24
35
32
56
11
23
30
33
52
41
41
54
50
32
48
50
18
35
37
37
41
18
17
42
29
21
51
34
31
34
49
35
45
37
52
42
39
35
36
24
41
14
41
16
39
55
37
43
24
48
38
42
51
37
35
26
7
41
40
42
54
30
19
30
17
50
15
32
48
20
56
41
53
46
40
37
43
31
46
22
49
48
46
37
19
34
30
62
41
29
45
21
25
33
30
44
52
31
23
23
2
50
47
29
45
34
40
60
29
38
38
26
27
54
26
39
56
51
48
57
37
57
46
52
58
41
40
40
51
36
29
57
41
17
42
23
36
43
31
32
49
45
37
37
44
55
33
21
39
54
38
43
45
56
49
36
31
67
52
50
59
7
49
26
36
18
57
45
6
35
54
52
37
49
30
43
29
20
50
17
2
51
21
14
59
21
51
30
58
40
48
36
26
26
47
39
57
42
22
49
14
43
11
45
62
23
22
30
29
31
19
53
34
38
46
21
20
50
32
44
34
50
32
30
34
35
43
51
63
28
36
51
39
62
42
12
43
32
45
41
34
52
39
49
19
37
33
41
52
59
34
45
8
35
47
50
37
32
5
24
51
45
27
26
18
42
44
32
31
35
39
40
37
48
55
33
35
44
32
35
44
60
48
28
57
33
37
44
34
36
34
57
49
37
18
28
38
46
21
45
57
62
54
50
49
40
46
53
6
36
35
41
45
42
47
56
39
47
48
53
13
3
31
32
33
33
38
34
40
44
46
32
36
37
24
47
36
22
39
46
40
7
35
47
50
43
40
22
45
51
45
49
53
39
31
31
30
20
29
47
26
49
48
19
45
47
39
51
54
31
44
39
56
38
46
49
40
25
37
42
46
47
5
24
46
9
41
51
36
38
37
45
45
24
39
33
58
39
15
36
45
55
48
57
45
38
1
37
33
44
36
35
48
44
40
36
52
34
43
60
46
41
59
46
42
51
49
40
58
46
45
41
35
42
38
34
49
35
43
34
41
58
46
4
43
42
47
33
39
47
37
41
28
39
52
37
31
47
47
48
46
39
33
50
17
49
48
31
33
47
29
45
48
60
36
48
41
57
36
12
60
38
45
44
60
37
47
40
31
61
45
42
34
31
28
51
51
24
44
41
34
41
39
36
38
54
60
49
43
55
62
35
42
39
30
33
30
54
41
38
40
43
53
19
52
46
22
48
22
44
51
54
41
41
23
44
45
45
30
55
13
36
48
42
39
56
27
36
38
19
55
37
46
23
49
43
61
22
30
37
15
43
37
45
24
54
48
43
61
35
29
63
47
38
20
37
29
47
38
43
18
23
41
56
36
43
30
44
23
30
46
37
43
26
36
30
57
32
43
46
44
44
24
47
40
47
47
35
27
52
30
23
44
32
38
57
40
27
31
51
37
48
44
46
28
52
16
54
34
5
49
46
62
55
25
13
35
20
53
41
50
35
36
31
46
36
20
48
49
14
54
19
55
27
44
39
52
31
55
57
48
22
9
35
45
23
41
53
24
46
44
39
42
46
36
43
29
29
16
45
48
40
32
1
36
37
36
41
54
45
11
42
34
29
18
38
42
46
45
45
56
